0.0000   21.21674   19.57216
0.0020   21.15096   19.57216
0.0040   21.08517   19.57216
0.0060   21.01939   19.57216
0.0080   20.95361   19.57216
0.0100   20.88782   19.57216
0.0120   20.82204   19.57216
0.0140   20.75626   19.57216
0.0160   20.69047   19.57216
0.0180   20.62469   19.57216
0.0200   20.55891   19.57216
0.0220   20.49312   19.57216
0.0240   20.42734   19.57216
0.0260   20.36156   19.57216
0.0280   20.29577   19.57216
0.0300   20.22999   19.57216
0.0320   20.16421   19.57216
0.0340   20.09842   19.57216
0.0360   20.03264   19.57216
0.0380   19.96686   19.57216
0.0400   19.90107   19.57216
0.0420   19.83529   19.57216
0.0440   19.76951   19.57216
0.0460   19.70372   19.57216
0.0480   19.63794   19.57216
0.0500   19.57215   19.57216
0.0520   19.50637   19.57216
0.0540   19.44059   19.57216
0.0560   19.37480   19.57216
0.0580   19.30902   19.57216
0.0600   19.24324   19.57216
0.0620   19.17745   19.57216
0.0640   19.11167   19.57216
0.0660   19.04589   19.57216
0.0680   18.98010   19.57216
0.0700   18.91432   19.57216
0.0720   18.84854   19.57216
0.0740   18.78275   19.57216
0.0760   18.71697   19.57216
0.0780   18.65119   19.57216
0.0800   18.58540   19.57216
0.0820   18.51962   19.57216
0.0840   18.45384   19.57216
0.0860   18.38805   19.57216
0.0880   18.32227   19.57216
0.0900   18.25649   19.57216
0.0920   18.19070   19.57216
0.0940   18.12492   19.57216
0.0960   18.05914   19.57216
0.0980   17.99335   19.57216
0.1000   17.92757   16.87901
0.1020   17.88563   16.87901
0.1040   17.84369   16.87901
0.1060   17.80174   16.87901
0.1080   17.75980   16.87901
0.1100   17.71786   16.87901
0.1120   17.67592   16.87901
0.1140   17.63397   16.87901
0.1160   17.59203   16.87901
0.1180   17.55009   16.87901
0.1200   17.50815   16.87901
0.1220   17.46620   16.87901
0.1240   17.42426   16.87901
0.1260   17.38232   16.87901
0.1280   17.34038   16.87901
0.1300   17.29843   16.87901
0.1320   17.25649   16.87901
0.1340   17.21455   16.87901
0.1360   17.17261   16.87901
0.1380   17.13066   16.87901
0.1400   17.08872   16.87901
0.1420   17.04678   16.87901
0.1440   17.00484   16.87901
0.1460   16.96289   16.87901
0.1480   16.92095   16.87901
0.1500   16.87901   16.87901
0.1520   16.83707   16.87901
0.1540   16.79513   16.87901
0.1560   16.75318   16.87901
0.1580   16.71124   16.87901
0.1600   16.66930   16.87901
0.1620   16.62736   16.87901
0.1640   16.58541   16.87901
0.1660   16.54347   16.87901
0.1680   16.50153   16.87901
0.1700   16.45959   16.87901
0.1720   16.41764   16.87901
0.1740   16.37570   16.87901
0.1760   16.33376   16.87901
0.1780   16.29182   16.87901
0.1800   16.24987   16.87901
0.1820   16.20793   16.87901
0.1840   16.16599   16.87901
0.1860   16.12405   16.87901
0.1880   16.08210   16.87901
0.1900   16.04016   16.87901
0.1920   15.99822   16.87901
0.1940   15.95628   16.87901
0.1960   15.91433   16.87901
0.1980   15.87239   16.87901
0.2000   15.83045   15.42648
0.2020   15.81429   15.42648
0.2040   15.79813   15.42648
0.2060   15.78197   15.42648
0.2080   15.76582   15.42648
0.2100   15.74966   15.42648
0.2120   15.73350   15.42648
0.2140   15.71734   15.42648
0.2160   15.70118   15.42648
0.2180   15.68502   15.42648
0.2200   15.66886   15.42648
0.2220   15.65271   15.42648
0.2240   15.63655   15.42648
0.2260   15.62039   15.42648
0.2280   15.60423   15.42648
0.2300   15.58807   15.42648
0.2320   15.57191   15.42648
0.2340   15.55575   15.42648
0.2360   15.53960   15.42648
0.2380   15.52344   15.42648
0.2400   15.50728   15.42648
0.2420   15.49112   15.42648
0.2440   15.47496   15.42648
0.2460   15.45880   15.42648
0.2480   15.44264   15.42648
0.2500   15.42648   15.42648
0.2520   15.41033   15.42648
0.2540   15.39417   15.42648
0.2560   15.37801   15.42648
0.2580   15.36185   15.42648
0.2600   15.34569   15.42648
0.2620   15.32953   15.42648
0.2640   15.31337   15.42648
0.2660   15.29722   15.42648
0.2680   15.28106   15.42648
0.2700   15.26490   15.42648
0.2720   15.24874   15.42648
0.2740   15.23258   15.42648
0.2760   15.21642   15.42648
0.2780   15.20026   15.42648
0.2800   15.18411   15.42648
0.2820   15.16795   15.42648
0.2840   15.15179   15.42648
0.2860   15.13563   15.42648
0.2880   15.11947   15.42648
0.2900   15.10331   15.42648
0.2920   15.08715   15.42648
0.2940   15.07100   15.42648
0.2960   15.05484   15.42648
0.2980   15.03868   15.42648
0.3000   15.02252   15.24747
0.3020   15.03152   15.24747
0.3040   15.04052   15.24747
0.3060   15.04951   15.24747
0.3080   15.05851   15.24747
0.3100   15.06751   15.24747
0.3120   15.07651   15.24747
0.3140   15.08551   15.24747
0.3160   15.09450   15.24747
0.3180   15.10350   15.24747
0.3200   15.11250   15.24747
0.3220   15.12150   15.24747
0.3240   15.13050   15.24747
0.3260   15.13949   15.24747
0.3280   15.14849   15.24747
0.3300   15.15749   15.24747
0.3320   15.16649   15.24747
0.3340   15.17549   15.24747
0.3360   15.18448   15.24747
0.3380   15.19348   15.24747
0.3400   15.20248   15.24747
0.3420   15.21148   15.24747
0.3440   15.22048   15.24747
0.3460   15.22947   15.24747
0.3480   15.23847   15.24747
0.3500   15.24747   15.24747
0.3520   15.25647   15.24747
0.3540   15.26547   15.24747
0.3560   15.27446   15.24747
0.3580   15.28346   15.24747
0.3600   15.29246   15.24747
0.3620   15.30146   15.24747
0.3640   15.31046   15.24747
0.3660   15.31945   15.24747
0.3680   15.32845   15.24747
0.3700   15.33745   15.24747
0.3720   15.34645   15.24747
0.3740   15.35545   15.24747
0.3760   15.36444   15.24747
0.3780   15.37344   15.24747
0.3800   15.38244   15.24747
0.3820   15.39144   15.24747
0.3840   15.40044   15.24747
0.3860   15.40943   15.24747
0.3880   15.41843   15.24747
0.3900   15.42743   15.24747
0.3920   15.43643   15.24747
0.3940   15.44543   15.24747
0.3960   15.45442   15.24747
0.3980   15.46342   15.24747
0.4000   15.47242   16.33748
0.4020   15.50702   16.33748
0.4040   15.54163   16.33748
0.4060   15.57623   16.33748
0.4080   15.61083   16.33748
0.4100   15.64543   16.33748
0.4120   15.68003   16.33748
0.4140   15.71464   16.33748
0.4160   15.74924   16.33748
0.4180   15.78384   16.33748
0.4200   15.81844   16.33748
0.4220   15.85305   16.33748
0.4240   15.88765   16.33748
0.4260   15.92225   16.33748
0.4280   15.95685   16.33748
0.4300   15.99146   16.33748
0.4320   16.02606   16.33748
0.4340   16.06066   16.33748
0.4360   16.09526   16.33748
0.4380   16.12987   16.33748
0.4400   16.16447   16.33748
0.4420   16.19907   16.33748
0.4440   16.23367   16.33748
0.4460   16.26828   16.33748
0.4480   16.30288   16.33748
0.4500   16.33748   16.33748
0.4520   16.37208   16.33748
0.4540   16.40668   16.33748
0.4560   16.44129   16.33748
0.4580   16.47589   16.33748
0.4600   16.51049   16.33748
0.4620   16.54509   16.33748
0.4640   16.57970   16.33748
0.4660   16.61430   16.33748
0.4680   16.64890   16.33748
0.4700   16.68350   16.33748
0.4720   16.71811   16.33748
0.4740   16.75271   16.33748
0.4760   16.78731   16.33748
0.4780   16.82191   16.33748
0.4800   16.85652   16.33748
0.4820   16.89112   16.33748
0.4840   16.92572   16.33748
0.4860   16.96032   16.33748
0.4880   16.99493   16.33748
0.4900   17.02953   16.33748
0.4920   17.06413   16.33748
0.4940   17.09873   16.33748
0.4960   17.13334   16.33748
0.4980   17.16794   16.33748
0.5000   17.20254   18.69430
0.5020   17.26221   18.69430
0.5040   17.32188   18.69430
0.5060   17.38155   18.69430
0.5080   17.44122   18.69430
0.5100   17.50089   18.69430
0.5120   17.56056   18.69430
0.5140   17.62023   18.69430
0.5160   17.67990   18.69430
0.5180   17.73957   18.69430
0.5200   17.79924   18.69430
0.5220   17.85891   18.69430
0.5240   17.91858   18.69430
0.5260   17.97826   18.69430
0.5280   18.03793   18.69430
0.5300   18.09760   18.69430
0.5320   18.15727   18.69430
0.5340   18.21694   18.69430
0.5360   18.27661   18.69430
0.5380   18.33628   18.69430
0.5400   18.39595   18.69430
0.5420   18.45562   18.69430
0.5440   18.51529   18.69430
0.5460   18.57496   18.69430
0.5480   18.63463   18.69430
0.5500   18.69430   18.69430
0.5520   18.75397   18.69430
0.5540   18.81364   18.69430
0.5560   18.87331   18.69430
0.5580   18.93298   18.69430
0.5600   18.99265   18.69430
0.5620   19.05232   18.69430
0.5640   19.11199   18.69430
0.5660   19.17166   18.69430
0.5680   19.23133   18.69430
0.5700   19.29100   18.69430
0.5720   19.35068   18.69430
0.5740   19.41034   18.69430
0.5760   19.47001   18.69430
0.5780   19.52969   18.69430
0.5800   19.58936   18.69430
0.5820   19.64903   18.69430
0.5840   19.70870   18.69430
0.5860   19.76837   18.69430
0.5880   19.82804   18.69430
0.5900   19.88771   18.69430
0.5920   19.94738   18.69430
0.5940   20.00705   18.69430
0.5960   20.06672   18.69430
0.5980   20.12639   18.69430
0.6000   20.18606   22.09611
0.6020   20.26246   22.09611
0.6040   20.33886   22.09611
0.6060   20.41527   22.09611
0.6080   20.49167   22.09611
0.6100   20.56807   22.09611
0.6120   20.64447   22.09611
0.6140   20.72087   22.09611
0.6160   20.79728   22.09611
0.6180   20.87368   22.09611
0.6200   20.95008   22.09611
0.6220   21.02648   22.09611
0.6240   21.10288   22.09611
0.6260   21.17929   22.09611
0.6280   21.25569   22.09611
0.6300   21.33209   22.09611
0.6320   21.40849   22.09611
0.6340   21.48489   22.09611
0.6360   21.56130   22.09611
0.6380   21.63770   22.09611
0.6400   21.71410   22.09611
0.6420   21.79050   22.09611
0.6440   21.86690   22.09611
0.6460   21.94331   22.09611
0.6480   22.01971   22.09611
0.6500   22.09611   22.09611
0.6520   22.17251   22.09611
0.6540   22.24891   22.09611
0.6560   22.32532   22.09611
0.6580   22.40172   22.09611
0.6600   22.47812   22.09611
0.6620   22.55452   22.09611
0.6640   22.63092   22.09611
0.6660   22.70733   22.09611
0.6680   22.78373   22.09611
0.6700   22.86013   22.09611
0.6720   22.93653   22.09611
0.6740   23.01293   22.09611
0.6760   23.08934   22.09611
0.6780   23.16574   22.09611
0.6800   23.24214   22.09611
0.6820   23.31854   22.09611
0.6840   23.39494   22.09611
0.6860   23.47135   22.09611
0.6880   23.54775   22.09611
0.6900   23.62415   22.09611
0.6920   23.70055   22.09611
0.6940   23.77695   22.09611
0.6960   23.85336   22.09611
0.6980   23.92976   22.09611
0.7000   24.00616   22.09611
0.7020   24.07862   25.81775
0.7040   24.15109   25.81775
0.7060   24.22355   25.81775
0.7080   24.29602   25.81775
0.7100   24.36848   25.81775
0.7120   24.44094   25.81775
0.7140   24.51341   25.81775
0.7160   24.58587   25.81775
0.7180   24.65833   25.81775
0.7200   24.73080   25.81775
0.7220   24.80326   25.81775
0.7240   24.87572   25.81775
0.7260   24.94819   25.81775
0.7280   25.02065   25.81775
0.7300   25.09312   25.81775
0.7320   25.16558   25.81775
0.7340   25.23805   25.81775
0.7360   25.31051   25.81775
0.7380   25.38297   25.81775
0.7400   25.45544   25.81775
0.7420   25.52790   25.81775
0.7440   25.60036   25.81775
0.7460   25.67283   25.81775
0.7480   25.74529   25.81775
0.7500   25.81775   25.81775
0.7520   25.89022   25.81775
0.7540   25.96268   25.81775
0.7560   26.03515   25.81775
0.7580   26.10761   25.81775
0.7600   26.18007   25.81775
0.7620   26.25254   25.81775
0.7640   26.32500   25.81775
0.7660   26.39746   25.81775
0.7680   26.46993   25.81775
0.7700   26.54239   25.81775
0.7720   26.61486   25.81775
0.7740   26.68732   25.81775
0.7760   26.75979   25.81775
0.7780   26.83225   25.81775
0.7800   26.90471   25.81775
0.7820   26.97718   25.81775
0.7840   27.04964   25.81775
0.7860   27.12210   25.81775
0.7880   27.19457   25.81775
0.7900   27.26703   25.81775
0.7920   27.33949   25.81775
0.7940   27.41196   25.81775
0.7960   27.48442   25.81775
0.7980   27.55689   25.81775
0.8000   27.62935   28.69779
0.8020   27.67209   28.69779
0.8040   27.71483   28.69779
0.8060   27.75756   28.69779
0.8080   27.80030   28.69779
0.8100   27.84304   28.69779
0.8120   27.88578   28.69779
0.8140   27.92851   28.69779
0.8160   27.97125   28.69779
0.8180   28.01399   28.69779
0.8200   28.05673   28.69779
0.8220   28.09947   28.69779
0.8240   28.14220   28.69779
0.8260   28.18494   28.69779
0.8280   28.22768   28.69779
0.8300   28.27042   28.69779
0.8320   28.31316   28.69779
0.8340   28.35589   28.69779
0.8360   28.39863   28.69779
0.8380   28.44137   28.69779
0.8400   28.48411   28.69779
0.8420   28.52684   28.69779
0.8440   28.56958   28.69779
0.8460   28.61232   28.69779
0.8480   28.65506   28.69779
0.8500   28.69780   28.69779
0.8520   28.74053   28.69779
0.8540   28.78327   28.69779
0.8560   28.82601   28.69779
0.8580   28.86875   28.69779
0.8600   28.91148   28.69779
0.8620   28.95422   28.69779
0.8640   28.99696   28.69779
0.8660   29.03970   28.69779
0.8680   29.08243   28.69779
0.8700   29.12517   28.69779
0.8720   29.16791   28.69779
0.8740   29.21065   28.69779
0.8760   29.25339   28.69779
0.8780   29.29612   28.69779
0.8800   29.33886   28.69779
0.8820   29.38160   28.69779
0.8840   29.42434   28.69779
0.8860   29.46707   28.69779
0.8880   29.50981   28.69779
0.8900   29.55255   28.69779
0.8920   29.59529   28.69779
0.8940   29.63803   28.69779
0.8960   29.68076   28.69779
0.8980   29.72350   28.69779
0.9000   29.76624   28.69779
0.9020   29.76255   29.67403
0.9040   29.75886   29.67403
0.9060   29.75517   29.67403
0.9080   29.75149   29.67403
0.9100   29.74780   29.67403
0.9120   29.74411   29.67403
0.9140   29.74042   29.67403
0.9160   29.73673   29.67403
0.9180   29.73304   29.67403
0.9200   29.72935   29.67403
0.9220   29.72567   29.67403
0.9240   29.72198   29.67403
0.9260   29.71829   29.67403
0.9280   29.71460   29.67403
0.9300   29.71091   29.67403
0.9320   29.70722   29.67403
0.9340   29.70353   29.67403
0.9360   29.69985   29.67403
0.9380   29.69616   29.67403
0.9400   29.69247   29.67403
0.9420   29.68878   29.67403
0.9440   29.68509   29.67403
0.9460   29.68140   29.67403
0.9480   29.67771   29.67403
0.9500   29.67403   29.67403
0.9520   29.67034   29.67403
0.9540   29.66665   29.67403
0.9560   29.66296   29.67403
0.9580   29.65927   29.67403
0.9600   29.65558   29.67403
0.9620   29.65189   29.67403
0.9640   29.64820   29.67403
0.9660   29.64452   29.67403
0.9680   29.64083   29.67403
0.9700   29.63714   29.67403
0.9720   29.63345   29.67403
0.9740   29.62976   29.67403
0.9760   29.62607   29.67403
0.9780   29.62238   29.67403
0.9800   29.61870   29.67403
0.9820   29.61501   29.67403
0.9840   29.61132   29.67403
0.9860   29.60763   29.67403
0.9880   29.60394   29.67403
0.9900   29.60025   29.67403
0.9920   29.59656   29.67403
0.9940   29.59288   29.67403
0.9960   29.58919   29.67403
0.9980   29.58550   29.67403
1.0000   29.58181   28.36563
1.0020   29.53316   28.36563
1.0040   29.48452   28.36563
1.0060   29.43587   28.36563
1.0080   29.38722   28.36563
1.0100   29.33857   28.36563
1.0120   29.28993   28.36563
1.0140   29.24128   28.36563
1.0160   29.19263   28.36563
1.0180   29.14398   28.36563
1.0200   29.09534   28.36563
1.0220   29.04669   28.36563
1.0240   28.99804   28.36563
1.0260   28.94939   28.36563
1.0280   28.90075   28.36563
1.0300   28.85210   28.36563
1.0320   28.80345   28.36563
1.0340   28.75480   28.36563
1.0360   28.70616   28.36563
1.0380   28.65751   28.36563
1.0400   28.60886   28.36563
1.0420   28.56021   28.36563
1.0440   28.51157   28.36563
1.0460   28.46292   28.36563
1.0480   28.41427   28.36563
1.0500   28.36563   28.36563
1.0520   28.31698   28.36563
1.0540   28.26833   28.36563
1.0560   28.21968   28.36563
1.0580   28.17104   28.36563
1.0600   28.12239   28.36563
1.0620   28.07374   28.36563
1.0640   28.02509   28.36563
1.0660   27.97645   28.36563
1.0680   27.92780   28.36563
1.0700   27.87915   28.36563
1.0720   27.83050   28.36563
1.0740   27.78186   28.36563
1.0760   27.73321   28.36563
1.0780   27.68456   28.36563
1.0800   27.63591   28.36563
1.0820   27.58727   28.36563
1.0840   27.53862   28.36563
1.0860   27.48997   28.36563
1.0880   27.44132   28.36563
1.0900   27.39268   28.36563
1.0920   27.34403   28.36563
1.0940   27.29538   28.36563
1.0960   27.24674   28.36563
1.0980   27.19809   28.36563
1.1000   27.14944   25.28098
1.1020   27.07470   25.28098
1.1040   26.99996   25.28098
1.1060   26.92523   25.28098
1.1080   26.85048   25.28098
1.1100   26.77575   25.28098
1.1120   26.70101   25.28098
1.1140   26.62627   25.28098
1.1160   26.55153   25.28098
1.1180   26.47679   25.28098
1.1200   26.40206   25.28098
1.1220   26.32732   25.28098
1.1240   26.25258   25.28098
1.1260   26.17784   25.28098
1.1280   26.10310   25.28098
1.1300   26.02836   25.28098
1.1320   25.95363   25.28098
1.1340   25.87889   25.28098
1.1360   25.80415   25.28098
1.1380   25.72941   25.28098
1.1400   25.65467   25.28098
1.1420   25.57994   25.28098
1.1440   25.50519   25.28098
1.1460   25.43046   25.28098
1.1480   25.35572   25.28098
1.1500   25.28098   25.28098
1.1520   25.20624   25.28098
1.1540   25.13150   25.28098
1.1560   25.05676   25.28098
1.1580   24.98203   25.28098
1.1600   24.90729   25.28098
1.1620   24.83255   25.28098
1.1640   24.75781   25.28098
1.1660   24.68307   25.28098
1.1680   24.60834   25.28098
1.1700   24.53360   25.28098
1.1720   24.45886   25.28098
1.1740   24.38412   25.28098
1.1760   24.30938   25.28098
1.1780   24.23464   25.28098
1.1800   24.15991   25.28098
1.1820   24.08516   25.28098
1.1840   24.01043   25.28098
1.1860   23.93569   25.28098
1.1880   23.86095   25.28098
1.1900   23.78621   25.28098
1.1920   23.71147   25.28098
1.1940   23.63673   25.28098
1.1960   23.56200   25.28098
1.1980   23.48726   25.28098
1.2000   23.41252   21.53955
1.2020   23.33760   21.53955
1.2040   23.26268   21.53955
1.2060   23.18776   21.53955
1.2080   23.11285   21.53955
1.2100   23.03792   21.53955
1.2120   22.96301   21.53955
1.2140   22.88809   21.53955
1.2160   22.81317   21.53955
1.2180   22.73825   21.53955
1.2200   22.66333   21.53955
1.2220   22.58841   21.53955
1.2240   22.51350   21.53955
1.2260   22.43858   21.53955
1.2280   22.36366   21.53955
1.2300   22.28874   21.53955
1.2320   22.21382   21.53955
1.2340   22.13890   21.53955
1.2360   22.06398   21.53955
1.2380   21.98906   21.53955
1.2400   21.91414   21.53955
1.2420   21.83923   21.53955
1.2440   21.76431   21.53955
1.2460   21.68939   21.53955
1.2480   21.61447   21.53955
1.2500   21.53955   21.53955
1.2520   21.46463   21.53955
1.2540   21.38971   21.53955
1.2560   21.31479   21.53955
1.2580   21.23987   21.53955
1.2600   21.16496   21.53955
1.2620   21.09004   21.53955
1.2640   21.01512   21.53955
1.2660   20.94020   21.53955
1.2680   20.86528   21.53955
1.2700   20.79036   21.53955
1.2720   20.71544   21.53955
1.2740   20.64052   21.53955
1.2760   20.56560   21.53955
1.2780   20.49069   21.53955
1.2800   20.41577   21.53955
1.2820   20.34085   21.53955
1.2840   20.26593   21.53955
1.2860   20.19101   21.53955
1.2880   20.11609   21.53955
1.2900   20.04118   21.53955
1.2920   19.96625   21.53955
1.2940   19.89134   21.53955
1.2960   19.81642   21.53955
1.2980   19.74150   21.53955
1.3000   19.66658   21.53955
1.3020   19.61043   18.26283
1.3040   19.55428   18.26283
1.3060   19.49813   18.26283
1.3080   19.44198   18.26283
1.3100   19.38583   18.26283
1.3120   19.32968   18.26283
1.3140   19.27353   18.26283
1.3160   19.21738   18.26283
1.3180   19.16123   18.26283
1.3200   19.10508   18.26283
1.3220   19.04893   18.26283
1.3240   18.99278   18.26283
1.3260   18.93663   18.26283
1.3280   18.88048   18.26283
1.3300   18.82433   18.26283
1.3320   18.76818   18.26283
1.3340   18.71203   18.26283
1.3360   18.65588   18.26283
1.3380   18.59973   18.26283
1.3400   18.54358   18.26283
1.3420   18.48743   18.26283
1.3440   18.43128   18.26283
1.3460   18.37513   18.26283
1.3480   18.31898   18.26283
1.3500   18.26283   18.26283
1.3520   18.20668   18.26283
1.3540   18.15053   18.26283
1.3560   18.09438   18.26283
1.3580   18.03823   18.26283
1.3600   17.98208   18.26283
1.3620   17.92593   18.26283
1.3640   17.86978   18.26283
1.3660   17.81363   18.26283
1.3680   17.75748   18.26283
1.3700   17.70133   18.26283
1.3720   17.64518   18.26283
1.3740   17.58903   18.26283
1.3760   17.53288   18.26283
1.3780   17.47673   18.26283
1.3800   17.42058   18.26283
1.3820   17.36443   18.26283
1.3840   17.30828   18.26283
1.3860   17.25213   18.26283
1.3880   17.19598   18.26283
1.3900   17.13983   18.26283
1.3920   17.08368   18.26283
1.3940   17.02753   18.26283
1.3960   16.97138   18.26283
1.3980   16.91523   18.26283
1.4000   16.85908   18.26283
1.4020   16.82838   16.09158
1.4040   16.79768   16.09158
1.4060   16.76698   16.09158
1.4080   16.73628   16.09158
1.4100   16.70558   16.09158
1.4120   16.67488   16.09158
1.4140   16.64418   16.09158
1.4160   16.61348   16.09158
1.4180   16.58278   16.09158
1.4200   16.55208   16.09158
1.4220   16.52138   16.09158
1.4240   16.49068   16.09158
1.4260   16.45998   16.09158
1.4280   16.42928   16.09158
1.4300   16.39858   16.09158
1.4320   16.36788   16.09158
1.4340   16.33718   16.09158
1.4360   16.30648   16.09158
1.4380   16.27578   16.09158
1.4400   16.24508   16.09158
1.4420   16.21438   16.09158
1.4440   16.18368   16.09158
1.4460   16.15298   16.09158
1.4480   16.12228   16.09158
1.4500   16.09158   16.09158
1.4520   16.06088   16.09158
1.4540   16.03018   16.09158
1.4560   15.99948   16.09158
1.4580   15.96878   16.09158
1.4600   15.93808   16.09158
1.4620   15.90738   16.09158
1.4640   15.87668   16.09158
1.4660   15.84598   16.09158
1.4680   15.81528   16.09158
1.4700   15.78458   16.09158
1.4720   15.75388   16.09158
1.4740   15.72318   16.09158
1.4760   15.69248   16.09158
1.4780   15.66178   16.09158
1.4800   15.63108   16.09158
1.4820   15.60038   16.09158
1.4840   15.56968   16.09158
1.4860   15.53898   16.09158
1.4880   15.50828   16.09158
1.4900   15.47758   16.09158
1.4920   15.44688   16.09158
1.4940   15.41618   16.09158
1.4960   15.38548   16.09158
1.4980   15.35478   16.09158
1.5000   15.32408   15.19369
1.5020   15.31886   15.19369
1.5040   15.31365   15.19369
1.5060   15.30843   15.19369
1.5080   15.30322   15.19369
1.5100   15.29800   15.19369
1.5120   15.29279   15.19369
1.5140   15.28757   15.19369
1.5160   15.28236   15.19369
1.5180   15.27714   15.19369
1.5200   15.27192   15.19369
1.5220   15.26671   15.19369
1.5240   15.26149   15.19369
1.5260   15.25628   15.19369
1.5280   15.25106   15.19369
1.5300   15.24585   15.19369
1.5320   15.24063   15.19369
1.5340   15.23541   15.19369
1.5360   15.23020   15.19369
1.5380   15.22498   15.19369
1.5400   15.21977   15.19369
1.5420   15.21455   15.19369
1.5440   15.20934   15.19369
1.5460   15.20412   15.19369
1.5480   15.19891   15.19369
1.5500   15.19369   15.19369
1.5520   15.18847   15.19369
1.5540   15.18326   15.19369
1.5560   15.17804   15.19369
1.5580   15.17283   15.19369
1.5600   15.16761   15.19369
1.5620   15.16240   15.19369
1.5640   15.15718   15.19369
1.5660   15.15197   15.19369
1.5680   15.14675   15.19369
1.5700   15.14153   15.19369
1.5720   15.13632   15.19369
1.5740   15.13110   15.19369
1.5760   15.12589   15.19369
1.5780   15.12067   15.19369
1.5800   15.11546   15.19369
1.5820   15.11024   15.19369
1.5840   15.10502   15.19369
1.5860   15.09981   15.19369
1.5880   15.09459   15.19369
1.5900   15.08938   15.19369
1.5920   15.08416   15.19369
1.5940   15.07895   15.19369
1.5960   15.07373   15.19369
1.5980   15.06852   15.19369
1.6000   15.06330   15.56310
1.6020   15.08329   15.56310
1.6040   15.10328   15.56310
1.6060   15.12327   15.56310
1.6080   15.14327   15.56310
1.6100   15.16326   15.56310
1.6120   15.18325   15.56310
1.6140   15.20324   15.56310
1.6160   15.22323   15.56310
1.6180   15.24323   15.56310
1.6200   15.26322   15.56310
1.6220   15.28321   15.56310
1.6240   15.30320   15.56310
1.6260   15.32319   15.56310
1.6280   15.34319   15.56310
1.6300   15.36318   15.56310
1.6320   15.38317   15.56310
1.6340   15.40316   15.56310
1.6360   15.42315   15.56310
1.6380   15.44314   15.56310
1.6400   15.46314   15.56310
1.6420   15.48313   15.56310
1.6440   15.50312   15.56310
1.6460   15.52311   15.56310
1.6480   15.54310   15.56310
1.6500   15.56309   15.56310
1.6520   15.58309   15.56310
1.6540   15.60308   15.56310
1.6560   15.62307   15.56310
1.6580   15.64306   15.56310
1.6600   15.66305   15.56310
1.6620   15.68305   15.56310
1.6640   15.70304   15.56310
1.6660   15.72303   15.56310
1.6680   15.74302   15.56310
1.6700   15.76301   15.56310
1.6720   15.78301   15.56310
1.6740   15.80300   15.56310
1.6760   15.82299   15.56310
1.6780   15.84298   15.56310
1.6800   15.86297   15.56310
1.6820   15.88296   15.56310
1.6840   15.90296   15.56310
1.6860   15.92295   15.56310
1.6880   15.94294   15.56310
1.6900   15.96293   15.56310
1.6920   15.98292   15.56310
1.6940   16.00291   15.56310
1.6960   16.02291   15.56310
1.6980   16.04290   15.56310
1.7000   16.06289   17.20811
1.7020   16.10870   17.20811
1.7040   16.15451   17.20811
1.7060   16.20032   17.20811
1.7080   16.24612   17.20811
1.7100   16.29194   17.20811
1.7120   16.33774   17.20811
1.7140   16.38355   17.20811
1.7160   16.42936   17.20811
1.7180   16.47517   17.20811
1.7200   16.52098   17.20811
1.7220   16.56679   17.20811
1.7240   16.61260   17.20811
1.7260   16.65841   17.20811
1.7280   16.70422   17.20811
1.7300   16.75003   17.20811
1.7320   16.79583   17.20811
1.7340   16.84164   17.20811
1.7360   16.88745   17.20811
1.7380   16.93326   17.20811
1.7400   16.97907   17.20811
1.7420   17.02488   17.20811
1.7440   17.07069   17.20811
1.7460   17.11650   17.20811
1.7480   17.16231   17.20811
1.7500   17.20811   17.20811
1.7520   17.25392   17.20811
1.7540   17.29973   17.20811
1.7560   17.34554   17.20811
1.7580   17.39135   17.20811
1.7600   17.43716   17.20811
1.7620   17.48297   17.20811
1.7640   17.52878   17.20811
1.7660   17.57459   17.20811
1.7680   17.62040   17.20811
1.7700   17.66620   17.20811
1.7720   17.71201   17.20811
1.7740   17.75782   17.20811
1.7760   17.80363   17.20811
1.7780   17.84944   17.20811
1.7800   17.89525   17.20811
1.7820   17.94106   17.20811
1.7840   17.98687   17.20811
1.7860   18.03268   17.20811
1.7880   18.07849   17.20811
1.7900   18.12429   17.20811
1.7920   18.17011   17.20811
1.7940   18.21591   17.20811
1.7960   18.26172   17.20811
1.7980   18.30753   17.20811
1.8000   18.35334   17.20811
1.8020   18.42202   20.07021
1.8040   18.49069   20.07021
1.8060   18.55936   20.07021
1.8080   18.62804   20.07021
1.8100   18.69671   20.07021
1.8120   18.76539   20.07021
1.8140   18.83406   20.07021
1.8160   18.90274   20.07021
1.8180   18.97141   20.07021
1.8200   19.04009   20.07021
1.8220   19.10876   20.07021
1.8240   19.17744   20.07021
1.8260   19.24611   20.07021
1.8280   19.31479   20.07021
1.8300   19.38346   20.07021
1.8320   19.45214   20.07021
1.8340   19.52081   20.07021
1.8360   19.58949   20.07021
1.8380   19.65816   20.07021
1.8400   19.72684   20.07021
1.8420   19.79551   20.07021
1.8440   19.86418   20.07021
1.8460   19.93286   20.07021
1.8480   20.00154   20.07021
1.8500   20.07021   20.07021
1.8520   20.13888   20.07021
1.8540   20.20756   20.07021
1.8560   20.27623   20.07021
1.8580   20.34491   20.07021
1.8600   20.41358   20.07021
1.8620   20.48226   20.07021
1.8640   20.55093   20.07021
1.8660   20.61961   20.07021
1.8680   20.68828   20.07021
1.8700   20.75696   20.07021
1.8720   20.82563   20.07021
1.8740   20.89431   20.07021
1.8760   20.96298   20.07021
1.8780   21.03166   20.07021
1.8800   21.10033   20.07021
1.8820   21.16901   20.07021
1.8840   21.23768   20.07021
1.8860   21.30636   20.07021
1.8880   21.37503   20.07021
1.8900   21.44371   20.07021
1.8920   21.51238   20.07021
1.8940   21.58106   20.07021
1.8960   21.64973   20.07021
1.8980   21.71841   20.07021
1.9000   21.78708   20.07021
1.9020   21.86492   23.73313
1.9040   21.94277   23.73313
1.9060   22.02061   23.73313
1.9080   22.09845   23.73313
1.9100   22.17629   23.73313
1.9120   22.25413   23.73313
1.9140   22.33198   23.73313
1.9160   22.40982   23.73313
1.9180   22.48766   23.73313
1.9200   22.56550   23.73313
1.9220   22.64335   23.73313
1.9240   22.72119   23.73313
1.9260   22.79903   23.73313
1.9280   22.87687   23.73313
1.9300   22.95471   23.73313
1.9320   23.03256   23.73313
1.9340   23.11040   23.73313
1.9360   23.18824   23.73313
1.9380   23.26608   23.73313
1.9400   23.34393   23.73313
1.9420   23.42177   23.73313
1.9440   23.49961   23.73313
1.9460   23.57745   23.73313
1.9480   23.65529   23.73313
1.9500   23.73314   23.73313
1.9520   23.81098   23.73313
1.9540   23.88882   23.73313
1.9560   23.96666   23.73313
1.9580   24.04450   23.73313
1.9600   24.12235   23.73313
1.9620   24.20019   23.73313
1.9640   24.27803   23.73313
1.9660   24.35587   23.73313
1.9680   24.43372   23.73313
1.9700   24.51156   23.73313
1.9720   24.58940   23.73313
1.9740   24.66724   23.73313
1.9760   24.74508   23.73313
1.9780   24.82293   23.73313
1.9800   24.90077   23.73313
1.9820   24.97861   23.73313
1.9840   25.05645   23.73313
1.9860   25.13429   23.73313
1.9880   25.21214   23.73313
1.9900   25.28998   23.73313
1.9920   25.36782   23.73313
1.9940   25.44566   23.73313
1.9960   25.52351   23.73313
1.9980   25.60135   23.73313
2.0000   25.67919   27.24220
2.0020   25.74171   27.24220
2.0040   25.80423   27.24220
2.0060   25.86675   27.24220
2.0080   25.92927   27.24220
2.0100   25.99179   27.24220
2.0120   26.05432   27.24220
2.0140   26.11683   27.24220
2.0160   26.17936   27.24220
2.0180   26.24187   27.24220
2.0200   26.30440   27.24220
2.0220   26.36692   27.24220
2.0240   26.42943   27.24220
2.0260   26.49196   27.24220
2.0280   26.55448   27.24220
2.0300   26.61700   27.24220
2.0320   26.67952   27.24220
2.0340   26.74204   27.24220
2.0360   26.80456   27.24220
2.0380   26.86708   27.24220
2.0400   26.92960   27.24220
2.0420   26.99212   27.24220
2.0440   27.05464   27.24220
2.0460   27.11716   27.24220
2.0480   27.17969   27.24220
2.0500   27.24220   27.24220
2.0520   27.30473   27.24220
2.0540   27.36724   27.24220
2.0560   27.42977   27.24220
2.0580   27.49229   27.24220
2.0600   27.55481   27.24220
2.0620   27.61733   27.24220
2.0640   27.67985   27.24220
2.0660   27.74237   27.24220
2.0680   27.80489   27.24220
2.0700   27.86741   27.24220
2.0720   27.92993   27.24220
2.0740   27.99245   27.24220
2.0760   28.05497   27.24220
2.0780   28.11750   27.24220
2.0800   28.18001   27.24220
2.0820   28.24254   27.24220
2.0840   28.30506   27.24220
2.0860   28.36757   27.24220
2.0880   28.43010   27.24220
2.0900   28.49261   27.24220
2.0920   28.55514   27.24220
2.0940   28.61766   27.24220
2.0960   28.68018   27.24220
2.0980   28.74270   27.24220
2.1000   28.80522   27.24220
2.1020   28.82891   29.39756
2.1040   28.85261   29.39756
2.1060   28.87630   29.39756
2.1080   28.89999   29.39756
2.1100   28.92369   29.39756
2.1120   28.94738   29.39756
2.1140   28.97108   29.39756
2.1160   28.99477   29.39756
2.1180   29.01846   29.39756
2.1200   29.04215   29.39756
2.1220   29.06585   29.39756
2.1240   29.08954   29.39756
2.1260   29.11324   29.39756
2.1280   29.13693   29.39756
2.1300   29.16063   29.39756
2.1320   29.18432   29.39756
2.1340   29.20801   29.39756
2.1360   29.23170   29.39756
2.1380   29.25540   29.39756
2.1400   29.27909   29.39756
2.1420   29.30279   29.39756
2.1440   29.32648   29.39756
2.1460   29.35017   29.39756
2.1480   29.37387   29.39756
2.1500   29.39756   29.39756
2.1520   29.42125   29.39756
2.1540   29.44495   29.39756
2.1560   29.46864   29.39756
2.1580   29.49233   29.39756
2.1600   29.51603   29.39756
2.1620   29.53972   29.39756
2.1640   29.56342   29.39756
2.1660   29.58711   29.39756
2.1680   29.61080   29.39756
2.1700   29.63450   29.39756
2.1720   29.65819   29.39756
2.1740   29.68188   29.39756
2.1760   29.70558   29.39756
2.1780   29.72927   29.39756
2.1800   29.75296   29.39756
2.1820   29.77666   29.39756
2.1840   29.80035   29.39756
2.1860   29.82405   29.39756
2.1880   29.84774   29.39756
2.1900   29.87143   29.39756
2.1920   29.89512   29.39756
2.1940   29.91882   29.39756
2.1960   29.94251   29.39756
2.1980   29.96621   29.39756
2.2000   29.98990   29.37696
2.2020   29.96538   29.37696
2.2040   29.94087   29.37696
2.2060   29.91635   29.37696
2.2080   29.89183   29.37696
2.2100   29.86731   29.37696
2.2120   29.84280   29.37696
2.2140   29.81828   29.37696
2.2160   29.79376   29.37696
2.2180   29.76924   29.37696
2.2200   29.74473   29.37696
2.2220   29.72021   29.37696
2.2240   29.69569   29.37696
2.2260   29.67117   29.37696
2.2280   29.64666   29.37696
2.2300   29.62214   29.37696
2.2320   29.59762   29.37696
2.2340   29.57310   29.37696
2.2360   29.54859   29.37696
2.2380   29.52407   29.37696
2.2400   29.49955   29.37696
2.2420   29.47503   29.37696
2.2440   29.45052   29.37696
2.2460   29.42600   29.37696
2.2480   29.40148   29.37696
2.2500   29.37696   29.37696
2.2520   29.35245   29.37696
2.2540   29.32793   29.37696
2.2560   29.30341   29.37696
2.2580   29.27890   29.37696
2.2600   29.25438   29.37696
2.2620   29.22986   29.37696
2.2640   29.20534   29.37696
2.2660   29.18083   29.37696
2.2680   29.15631   29.37696
2.2700   29.13179   29.37696
2.2720   29.10727   29.37696
2.2740   29.08276   29.37696
2.2760   29.05824   29.37696
2.2780   29.03372   29.37696
2.2800   29.00920   29.37696
2.2820   28.98469   29.37696
2.2840   28.96017   29.37696
2.2860   28.93565   29.37696
2.2880   28.91113   29.37696
2.2900   28.88662   29.37696
2.2920   28.86210   29.37696
2.2940   28.83758   29.37696
2.2960   28.81306   29.37696
2.2980   28.78855   29.37696
2.3000   28.76403   29.37696
2.3020   28.70101   27.18849
2.3040   28.63799   27.18849
2.3060   28.57497   27.18849
2.3080   28.51194   27.18849
2.3100   28.44892   27.18849
2.3120   28.38590   27.18849
2.3140   28.32288   27.18849
2.3160   28.25986   27.18849
2.3180   28.19683   27.18849
2.3200   28.13382   27.18849
2.3220   28.07079   27.18849
2.3240   28.00777   27.18849
2.3260   27.94475   27.18849
2.3280   27.88173   27.18849
2.3300   27.81871   27.18849
2.3320   27.75568   27.18849
2.3340   27.69266   27.18849
2.3360   27.62964   27.18849
2.3380   27.56662   27.18849
2.3400   27.50360   27.18849
2.3420   27.44058   27.18849
2.3440   27.37755   27.18849
2.3460   27.31453   27.18849
2.3480   27.25151   27.18849
2.3500   27.18849   27.18849
2.3520   27.12547   27.18849
2.3540   27.06244   27.18849
2.3560   26.99943   27.18849
2.3580   26.93640   27.18849
2.3600   26.87339   27.18849
2.3620   26.81036   27.18849
2.3640   26.74734   27.18849
2.3660   26.68432   27.18849
2.3680   26.62129   27.18849
2.3700   26.55828   27.18849
2.3720   26.49525   27.18849
2.3740   26.43223   27.18849
2.3760   26.36921   27.18849
2.3780   26.30619   27.18849
2.3800   26.24316   27.18849
2.3820   26.18015   27.18849
2.3840   26.11712   27.18849
2.3860   26.05410   27.18849
2.3880   25.99108   27.18849
2.3900   25.92805   27.18849
2.3920   25.86504   27.18849
2.3940   25.80201   27.18849
2.3960   25.73900   27.18849
2.3980   25.67597   27.18849
2.4000   25.61295   23.66613
2.4020   25.53508   23.66613
2.4040   25.45720   23.66613
2.4060   25.37933   23.66613
2.4080   25.30146   23.66613
2.4100   25.22358   23.66613
2.4120   25.14571   23.66613
2.4140   25.06784   23.66613
2.4160   24.98997   23.66613
2.4180   24.91209   23.66613
2.4200   24.83422   23.66613
2.4220   24.75635   23.66613
2.4240   24.67847   23.66613
2.4260   24.60060   23.66613
2.4280   24.52273   23.66613
2.4300   24.44485   23.66613
2.4320   24.36699   23.66613
2.4340   24.28911   23.66613
2.4360   24.21123   23.66613
2.4380   24.13336   23.66613
2.4400   24.05549   23.66613
2.4420   23.97762   23.66613
2.4440   23.89974   23.66613
2.4460   23.82187   23.66613
2.4480   23.74400   23.66613
2.4500   23.66612   23.66613
2.4520   23.58826   23.66613
2.4540   23.51038   23.66613
2.4560   23.43250   23.66613
2.4580   23.35464   23.66613
2.4600   23.27676   23.66613
2.4620   23.19889   23.66613
2.4640   23.12101   23.66613
2.4660   23.04314   23.66613
2.4680   22.96527   23.66613
2.4700   22.88739   23.66613
2.4720   22.80953   23.66613
2.4740   22.73165   23.66613
2.4760   22.65377   23.66613
2.4780   22.57591   23.66613
2.4800   22.49803   23.66613
2.4820   22.42015   23.66613
2.4840   22.34229   23.66613
2.4860   22.26441   23.66613
2.4880   22.18654   23.66613
2.4900   22.10866   23.66613
2.4920   22.03079   23.66613
2.4940   21.95292   23.66613
2.4960   21.87504   23.66613
2.4980   21.79718   23.66613
2.5000   21.71930   20.01056
2.5020   21.65095   20.01056
2.5040   21.58260   20.01056
2.5060   21.51425   20.01056
2.5080   21.44590   20.01056
2.5100   21.37755   20.01056
2.5120   21.30920   20.01056
2.5140   21.24085   20.01056
2.5160   21.17250   20.01056
2.5180   21.10416   20.01056
2.5200   21.03580   20.01056
2.5220   20.96745   20.01056
2.5240   20.89910   20.01056
2.5260   20.83075   20.01056
2.5280   20.76240   20.01056
2.5300   20.69405   20.01056
2.5320   20.62570   20.01056
2.5340   20.55736   20.01056
2.5360   20.48900   20.01056
2.5380   20.42065   20.01056
2.5400   20.35231   20.01056
2.5420   20.28395   20.01056
2.5440   20.21561   20.01056
2.5460   20.14725   20.01056
2.5480   20.07890   20.01056
2.5500   20.01056   20.01056
2.5520   19.94220   20.01056
2.5540   19.87386   20.01056
2.5560   19.80551   20.01056
2.5580   19.73715   20.01056
2.5600   19.66881   20.01056
2.5620   19.60045   20.01056
2.5640   19.53211   20.01056
2.5660   19.46376   20.01056
2.5680   19.39540   20.01056
2.5700   19.32706   20.01056
2.5720   19.25871   20.01056
2.5740   19.19036   20.01056
2.5760   19.12201   20.01056
2.5780   19.05366   20.01056
2.5800   18.98531   20.01056
2.5820   18.91696   20.01056
2.5840   18.84860   20.01056
2.5860   18.78026   20.01056
2.5880   18.71191   20.01056
2.5900   18.64356   20.01056
2.5920   18.57521   20.01056
2.5940   18.50686   20.01056
2.5960   18.43851   20.01056
2.5980   18.37016   20.01056
2.6000   18.30181   20.01056
2.6020   18.25645   17.16791
2.6040   18.21110   17.16791
2.6060   18.16574   17.16791
2.6080   18.12039   17.16791
2.6100   18.07503   17.16791
2.6120   18.02967   17.16791
2.6140   17.98432   17.16791
2.6160   17.93896   17.16791
2.6180   17.89361   17.16791
2.6200   17.84825   17.16791
2.6220   17.80289   17.16791
2.6240   17.75754   17.16791
2.6260   17.71218   17.16791
2.6280   17.66683   17.16791
2.6300   17.62147   17.16791
2.6320   17.57611   17.16791
2.6340   17.53076   17.16791
2.6360   17.48540   17.16791
2.6380   17.44005   17.16791
2.6400   17.39469   17.16791
2.6420   17.34933   17.16791
2.6440   17.30398   17.16791
2.6460   17.25862   17.16791
2.6480   17.21327   17.16791
2.6500   17.16791   17.16791
2.6520   17.12256   17.16791
2.6540   17.07720   17.16791
2.6560   17.03184   17.16791
2.6580   16.98649   17.16791
2.6600   16.94113   17.16791
2.6620   16.89578   17.16791
2.6640   16.85042   17.16791
2.6660   16.80506   17.16791
2.6680   16.75971   17.16791
2.6700   16.71435   17.16791
2.6720   16.66900   17.16791
2.6740   16.62364   17.16791
2.6760   16.57828   17.16791
2.6780   16.53293   17.16791
2.6800   16.48757   17.16791
2.6820   16.44222   17.16791
2.6840   16.39686   17.16791
2.6860   16.35150   17.16791
2.6880   16.30615   17.16791
2.6900   16.26079   17.16791
2.6920   16.21544   17.16791
2.6940   16.17008   17.16791
2.6960   16.12472   17.16791
2.6980   16.07937   17.16791
2.7000   16.03401   15.54552
2.7020   16.01447   15.54552
2.7040   15.99493   15.54552
2.7060   15.97539   15.54552
2.7080   15.95585   15.54552
2.7100   15.93631   15.54552
2.7120   15.91677   15.54552
2.7140   15.89723   15.54552
2.7160   15.87769   15.54552
2.7180   15.85815   15.54552
2.7200   15.83861   15.54552
2.7220   15.81908   15.54552
2.7240   15.79954   15.54552
2.7260   15.77999   15.54552
2.7280   15.76046   15.54552
2.7300   15.74092   15.54552
2.7320   15.72138   15.54552
2.7340   15.70184   15.54552
2.7360   15.68230   15.54552
2.7380   15.66276   15.54552
2.7400   15.64322   15.54552
2.7420   15.62368   15.54552
2.7440   15.60414   15.54552
2.7460   15.58460   15.54552
2.7480   15.56506   15.54552
2.7500   15.54552   15.54552
2.7520   15.52598   15.54552
2.7540   15.50644   15.54552
2.7560   15.48690   15.54552
2.7580   15.46736   15.54552
2.7600   15.44782   15.54552
2.7620   15.42828   15.54552
2.7640   15.40874   15.54552
2.7660   15.38920   15.54552
2.7680   15.36966   15.54552
2.7700   15.35012   15.54552
2.7720   15.33058   15.54552
2.7740   15.31105   15.54552
2.7760   15.29150   15.54552
2.7780   15.27196   15.54552
2.7800   15.25243   15.54552
2.7820   15.23289   15.54552
2.7840   15.21335   15.54552
2.7860   15.19381   15.54552
2.7880   15.17427   15.54552
2.7900   15.15473   15.54552
2.7920   15.13519   15.54552
2.7940   15.11565   15.54552
2.7960   15.09611   15.54552
2.7980   15.07657   15.54552
2.8000   15.05703   15.54552
2.8020   15.06269   15.19853
2.8040   15.06835   15.19853
2.8060   15.07401   15.19853
2.8080   15.07967   15.19853
2.8100   15.08533   15.19853
2.8120   15.09099   15.19853
2.8140   15.09665   15.19853
2.8160   15.10231   15.19853
2.8180   15.10797   15.19853
2.8200   15.11363   15.19853
2.8220   15.11929   15.19853
2.8240   15.12495   15.19853
2.8260   15.13061   15.19853
2.8280   15.13627   15.19853
2.8300   15.14193   15.19853
2.8320   15.14759   15.19853
2.8340   15.15325   15.19853
2.8360   15.15891   15.19853
2.8380   15.16457   15.19853
2.8400   15.17023   15.19853
2.8420   15.17589   15.19853
2.8440   15.18155   15.19853
2.8460   15.18721   15.19853
2.8480   15.19287   15.19853
2.8500   15.19853   15.19853
2.8520   15.20420   15.19853
2.8540   15.20986   15.19853
2.8560   15.21552   15.19853
2.8580   15.22118   15.19853
2.8600   15.22684   15.19853
2.8620   15.23250   15.19853
2.8640   15.23816   15.19853
2.8660   15.24382   15.19853
2.8680   15.24948   15.19853
2.8700   15.25514   15.19853
2.8720   15.26080   15.19853
2.8740   15.26646   15.19853
2.8760   15.27212   15.19853
2.8780   15.27778   15.19853
2.8800   15.28344   15.19853
2.8820   15.28910   15.19853
2.8840   15.29476   15.19853
2.8860   15.30042   15.19853
2.8880   15.30608   15.19853
2.8900   15.31174   15.19853
2.8920   15.31740   15.19853
2.8940   15.32306   15.19853
2.8960   15.32872   15.19853
2.8980   15.33438   15.19853
2.9000   15.34004   16.11901
2.9020   15.37120   16.11901
2.9040   15.40236   16.11901
2.9060   15.43351   16.11901
2.9080   15.46467   16.11901
2.9100   15.49583   16.11901
2.9120   15.52699   16.11901
2.9140   15.55815   16.11901
2.9160   15.58931   16.11901
2.9180   15.62047   16.11901
2.9200   15.65163   16.11901
2.9220   15.68278   16.11901
2.9240   15.71394   16.11901
2.9260   15.74510   16.11901
2.9280   15.77626   16.11901
2.9300   15.80742   16.11901
2.9320   15.83858   16.11901
2.9340   15.86974   16.11901
2.9360   15.90090   16.11901
2.9380   15.93205   16.11901
2.9400   15.96321   16.11901
2.9420   15.99437   16.11901
2.9440   16.02553   16.11901
2.9460   16.05669   16.11901
2.9480   16.08785   16.11901
2.9500   16.11901   16.11901
2.9520   16.15016   16.11901
2.9540   16.18132   16.11901
2.9560   16.21248   16.11901
2.9580   16.24364   16.11901
2.9600   16.27480   16.11901
2.9620   16.30595   16.11901
2.9640   16.33711   16.11901
2.9660   16.36828   16.11901
2.9680   16.39943   16.11901
2.9700   16.43059   16.11901
2.9720   16.46175   16.11901
2.9740   16.49291   16.11901
2.9760   16.52407   16.11901
2.9780   16.55522   16.11901
2.9800   16.58638   16.11901
2.9820   16.61754   16.11901
2.9840   16.64870   16.11901
2.9860   16.67986   16.11901
2.9880   16.71102   16.11901
2.9900   16.74218   16.11901
2.9920   16.77334   16.11901
2.9940   16.80449   16.11901
2.9960   16.83565   16.11901
2.9980   16.86681   16.11901
3.0000   16.89797   18.31227
