   1.3999999999999999       -1.9672801295230262       0.98805103824013163       0.21946210645345285        1.9759877428439918        3.8706111722042684       -3.9930232319078947E-002  0.97894639990957155        3.3248038649455541E-005   8.4316848259681203E-005   6.9481615463351992E-002  0.24668700747975303     
   1.4099999999999999       -1.9663763980263158       0.98998376850328951       0.17311475746390770       0.57110526778992510        3.8669722416927939       -9.1099814967105265E-003  0.98085424708316205        2.9740234038194352E-005   4.5491039695726404E-005   6.1272571108316520E-002  0.13214985715864919     
   1.4199999999999999       -1.9646105982730264       0.98842298005756579       0.20284386049858985        1.2220632325909424        3.8600942309329382      -0.15843072060032895       0.97867464550419858        3.2421081763812341E-005   6.6780433596728232E-005   6.5858337088164728E-002  0.19262863099450622     
   1.4299999999999999       -1.9631401418585526       0.98841469983552632       0.19697719443128930       0.97624772824698547        3.8543125746476021        7.7767752878289478E-002  0.97832693354957978        3.2173790869364320E-005   5.9897164035891796E-005   6.4445130520277893E-002  0.17156558314056838     
   1.4399999999999999       -1.9614557462993421       0.98762040501644732       0.20870676991497150        1.1852007424784639        3.8477312758997866       -1.0904810855263158E-003  0.97706075294896177        3.3349473643673079E-005   6.6227052512556330E-005   6.5875503493675214E-002  0.18837917159127135     
   1.4500000000000000       -1.9596772409539474       0.98698579872532899       0.21821912077820527        1.2295949847867664        3.8407829411556844        1.8614108758223682E-002  0.97588209259635528        3.4337812624169039E-005   6.7689805476695605E-005   6.6895448517762843E-002  0.19121202981554841     
   1.4600000000000000       -1.9580302734374999       0.98657956414473680       0.22386626768384635        1.1303754885889310        3.8343485608151084        7.8897789884868424E-002  0.97495090456510847        3.5019134520618987E-005   6.5124742187381142E-005   6.7291412552287197E-002  0.18270612602706382     
   1.4700000000000000       -1.9562869962993421       0.98639816509046052       0.21934970812149765       0.98185379973795095        3.8275216954683002        7.7845307360197374E-002  0.97439083724774811        3.4901499681177467E-005   6.0903226816264822E-005   6.6156019572448016E-002  0.16970041975470798     
   1.4800000000000000       -1.9543680407072368       0.98504362664473688       0.24069472474306403        1.4766369860536555        3.8200692995974892      -0.11629027549342105       0.97244514828732143        3.6808932684654800E-005   7.4942116152641326E-005   6.8831897496505687E-002  0.20740737010893168     
   1.4900000000000000       -1.9526611842105264       0.98549997430098679       0.22601290100288629       0.87269357310760642        3.8133757113004987      -0.12819182257401315       0.97248003667530258        3.5909644579118174E-005   5.7807241580076104E-005   6.6251927478973044E-002  0.15891171913556493     
   1.5000000000000000       -1.9509474095394737       0.98576279810855261       0.21406427694617175       0.41183333116744808        3.8066661508660569        6.8947347861842104E-002  0.97233156561600531        3.5182085650538836E-005   3.9844153014962944E-005   6.4047032366492035E-002  0.10880110049952547     
   1.5100000000000000       -1.9488915810032894       0.98501860094572369       0.22317413582340567       0.48072195760301378        3.7986753274616443       -2.9456429893092106E-002  0.97097052131452055        3.6162387996934024E-005   4.3191041512946225E-005   6.4962563587317113E-002  0.11715927552121042     
   1.5200000000000000       -1.9467329050164475       0.98400911800986846       0.23641519856326415       0.73064177614143266        3.7903024152655349       -6.9913733552631585E-002  0.96935849071301916        3.7466187976219046E-005   5.3423491443862703E-005   6.6422050705762292E-002  0.14396225062767212     
   1.5299999999999998       -1.9449088712993421       0.98432108861019740       0.22354579289272430       0.23368357544820531        3.7831815512004652        3.9779106702302634E-002  0.96923716160623652        3.6671857185490674E-005   3.0312240165893040E-005   6.4166742292182416E-002   8.1149631189214311E-002
   1.5400000000000000       -1.9423758018092105       0.98260713918585529       0.25193313058675854       0.78825206621424759        3.7734072365208675       -9.8254846833881582E-002  0.96670224718796582        3.9185156524206640E-005   5.5853596429345177E-005   6.7676843111465004E-002  0.14855605907441419     
   1.5499999999999998       -1.9402876233552631       0.98216725945723682       0.25060253485319478       0.69225916589219560        3.7653040228592722       -1.9059971217105263E-002  0.96570037877936110        3.9335316716695122E-005   5.2511984336960634E-005   6.7062417178598649E-002  0.13876715344786503     
   1.5599999999999998       -1.9380032586348683       0.98217255345394738       0.24654825020240115       0.25746216199961919        3.7564425678052400       -1.0030910773026315E-002  0.96505515227066840        3.9267548067598617E-005   3.2127521912941954E-005   6.6091336655524316E-002   8.4355339586801442E-002
   1.5699999999999998       -1.9355859169407894       0.98133084909539470       0.25282275716842739       0.33657234001004482        3.7471014188264546        9.8967824835526318E-003  0.96352626914978023        4.0018974675111632E-005   3.6850828866346348E-005   6.6500758760703174E-002   9.6140761169780042E-002
   1.5799999999999998       -1.9331304995888159       0.98031172388980259       0.26639628576291352       0.48803133054530934        3.7376429734481009       -5.9830926192434214E-002  0.96176409308784883        4.1340849162344947E-005   4.4515434699141229E-005   6.7830523221024244E-002  0.11540203830865980     
   1.5899999999999999       -1.9305920333059210       0.97962161800986847       0.27119058907196164       0.45409652761789854        3.7278551273145175       -4.9224527138157892E-002  0.96036360576027313        4.1975188480419725E-005   4.3075554430266627E-005   6.8007741788615655E-002  0.11096696285935354     
   1.5999999999999999       -1.9280097347861842       0.97891820518092110       0.27764615876826332       0.37743865235931656        3.7179156528272128       -1.8886472039473683E-002  0.95887060032894733        4.2738968934459329E-005   3.9395026880620618E-005   6.8382350295134939E-002  0.10085126881438879     
   1.6099999999999999       -1.9254954872532895       0.97830485711348680       0.27881844932744038       0.30572023514847241        3.7082386578610067        4.8746746504934213E-002  0.95756106686843068        4.3096783010491124E-005   3.5565855025011807E-005   6.8100930986833716E-002   9.0483069678539363E-002
   1.6199999999999999       -1.9226252158717105       0.97714199732730267       0.29369555483036447       0.43942534892527912        3.6972404302898205       -1.0173134251644737E-002  0.95550166757483235        4.4506344434748982E-005   4.2771874491057836E-005   6.9462729311359495E-002  0.10814419624405736     
   1.6299999999999999       -1.9198804481907894       0.97636965974506584       0.29845856389800529       0.40331375746155784        3.6867153245624742        1.9461446340460525E-002  0.95393970604946743        4.5142733203392805E-005   4.1103002156066656E-005   6.9594126689411326E-002  0.10328705327070493     
   1.6399999999999999       -1.9169656969572368       0.97554681846217106       0.30463856369561898       0.35501811191030669        3.6755576355382016      -0.15573372224506579       0.95226017870652047        4.5887511988178161E-005   3.8681686638523435E-005   6.9882231225304056E-002   9.6609871019141466E-002
   1.6499999999999999       -1.9140520456414474       0.97500196340460521       0.30509473137759874       0.14559780462515406        3.6644063861646150       -1.9348077713815789E-002  0.95086343448036592        4.6201866572163901E-005   2.4847208756230538E-005   6.9510687044842367E-002   6.1681313373042598E-002
   1.6599999999999999       -1.9111525699013159       0.97394747121710523       0.31590146570431044       0.21956182337778804        3.6533542412205748       -7.7773180509868423E-002  0.94892960698981033        4.7297929746913340E-005   3.0604880055325889E-005   7.0304950008476211E-002   7.5516619702780036E-002
   1.6699999999999999       -1.9080016652960525       0.97286717722039473       0.32451056648537618       0.26945552631577324        3.6413541707089072      -0.10698585526315789       0.94690998858401654        4.8226874370753429E-005   3.4006348913325538E-005   7.0829817283734109E-002   8.3407188711964911E-002
   1.6799999999999999       -1.9047715460526315       0.97210719058388162       0.32562775065263072       0.11368478890506681        3.6290521541394685       -3.2077508223684211E-005  0.94517890409168448        4.8599098100151951E-005   2.2154606672996882E-005   7.0529303365299889E-002   5.4015041031306686E-002
   1.6899999999999999       -1.9014504317434211       0.97087784231085528       0.33979675811824162       0.20705806302582605        3.6164614919562088       -6.7640650699013163E-002  0.94294551137623039        4.9940690586205882E-005   2.9988010150044371E-005   7.1621115731626800E-002   7.2680999748273217E-002
   1.7000000000000000       -1.8980828947368420       0.96990112047697363       0.34472560908533334       0.13756699092335326        3.6036915825291684        3.8774547697368419E-002  0.94093656620226407        5.0599231234505510E-005   2.4515446246628084E-005   7.1714342953818191E-002   5.9067804603640375E-002
   1.7100000000000000       -1.8946741673519736       0.96880271895559211       0.35386172484501000       0.13381089699461285        3.5908006760848195       -6.7695307360197368E-002  0.93880216199975264        5.1566912431302389E-005   2.4249457075022468E-005   7.2233532819881194E-002   5.8085249227656156E-002
   1.7200000000000000       -1.8911007195723684       0.96741316303453950       0.36628082200254330       0.24980976896826665        3.5773201397544461       0.12567932257401315       0.93630783035880638        5.2770809996394655E-005   3.3229756255892310E-005   7.3062884581271137E-002   7.9133186990776108E-002
   1.7300000000000000       -1.8874121710526315       0.96622808388157899       0.37589289573743312       0.22293741392121580        3.5634233458669562        1.9529810855263157E-002  0.93397335239209622        5.3769547959402062E-005   3.1482756793814364E-005   7.3587513261956908E-002   7.4539521287551230E-002
   1.7400000000000000       -1.8838266036184210       0.96524998458059208       0.38177382258607900       0.11330466816952370        3.5499314404939351        9.5773386101973678E-003  0.93190006214944943        5.4501762246244550E-005   2.2509028400094719E-005   7.3734713357318557E-002   5.2986770302751708E-002
   1.7500000000000000       -1.8799709395559210       0.96400197882401317       0.38807305435834771        8.8471194372297238E-002   3.5354513524507221       -2.8895811060855262E-002  0.92945101106543293        5.5265361664133666E-005   1.9947027797317515E-005   7.3915729428993146E-002   4.6687443347321451E-002
   1.7599999999999998       -1.8760811986019736       0.96262097039473682       0.39879618225146252       0.12732556593019501        3.5208870221991289       -5.7836112253289475E-002  0.92685797346014731        5.6343832878578130E-005   2.3997851682495654E-005   7.4504241822913236E-002   5.5849545733808077E-002
   1.7700000000000000       -1.8719793791118422       0.96123638466282890       0.40719402238544655       0.12001650668634731        3.5055525947972348        9.6141658100328944E-002  0.92418283760673126        5.7257474282878891E-005   2.3364976436024265E-005   7.4859272451298128E-002   5.4069459594325082E-002
   1.7799999999999998       -1.8679046977796052       0.95987105777138160       0.41855655015779059       0.10352009071385930        3.4903630328128212        9.6056589226973677E-003  0.92153239457983716        5.8378817934496848E-005   2.1761085057009979E-005   7.5470154734155775E-002   5.0074946288490386E-002
   1.7900000000000000       -1.8635697265625000       0.95829156558388162       0.43010382446163914       0.14084657683325943        3.4742379223070645       -9.6784385279605270E-003  0.91856893108769466        5.9511090227689869E-005   2.5454108265652198E-005   7.6076722191135634E-002   5.8245825394475641E-002
   1.7999999999999998       -1.8592143400493422       0.95683429276315790       0.43900775406719728       0.11359061889234252        3.4580670102169639       -3.8280304276315791E-002  0.91573153481734426        6.0459816404069509E-005   2.2922696737403935E-005   7.6433150614527393E-002   5.2161869909114734E-002
   1.8100000000000001       -1.8547694798519736       0.95525531969572364       0.45251094888801269       0.12055064211185282        3.4416175490931460        2.8679291735197367E-002  0.91272580848493079        6.1723613641892486E-005   2.3680031447326138E-005   7.7171002557062246E-002   5.3587518678589977E-002
   1.8199999999999998       -1.8503113075657895       0.95364991776315788       0.46069741982020462       0.12611335068662222        3.4251421830829822       -2.8618564967105263E-002  0.90967231242531221        6.2623523769985811E-005   2.4287032257566362E-005   7.7438097259347277E-002   5.4659167102742760E-002
   1.8299999999999998       -1.8456459498355262       0.95196214535361845       0.47215472399195568       0.13317332478757143        3.4079531117489466       -2.8530833675986841E-002  0.90646992148349159        6.3745786334733052E-005   2.5026054698200810E-005   7.7966717676570402E-002   5.6014601116847279E-002
   1.8399999999999999       -1.8408372018914474       0.95019290707236848       0.48536400388525214       0.14101567764732220        3.3902863386053790       -9.5091899671052634E-003  0.90311994819641117        6.4984507016867509E-005   2.5822651509485766E-005   7.8620197525132732E-002   5.7483467708072666E-002
   1.8499999999999999       -1.8359246196546053       0.94838062294407899       0.49596270410112137       0.14857910821043285        3.3722768578378779        3.7953587582236839E-002  0.89969423502871859        6.6047207677754185E-005   2.6578040644944338E-005   7.9044371847503639E-002   5.8845218638752445E-002
   1.8599999999999999       -1.8308676192434210       0.94649587787828948       0.51084890579269771       0.16099931701058914        3.3538021502043072      -0.13248577302631578       0.89614688700625766        6.7393405312131361E-005   2.7741293829338574E-005   7.9790550398453605E-002   6.1090505120952043E-002
   1.8699999999999999       -1.8258032380756579       0.94458467310855265       0.52201376199748373       0.16630022657317020        3.3353401105780351       -1.8904851973684210E-002  0.89254389746816531        6.8492151115398455E-005   2.8269976475613015E-005   8.0226443698324823E-002   6.1921830825727761E-002
   1.8799999999999999       -1.8204230879934211       0.94254396073190794       0.53537400446687722       0.17810671066826594        3.3157880961367958      -0.14136961862664474       0.88871611070130996        6.9734021699233915E-005   2.9334405393376326E-005   8.0814438909026176E-002   6.3911555580462465E-002
   1.8899999999999999       -1.8149828330592106       0.94045478001644733       0.54920450584484737       0.18655600197950697        3.2960785177130449        1.8781722861842105E-002  0.88479952025162545        7.1004696164309034E-005   3.0101888201008350E-005   8.1418559247784170E-002   6.5236684693825500E-002
   1.8999999999999999       -1.8094916324013157       0.93830581311677630       0.55996909662859773       0.19732011609347100        3.2762340775339225        4.6886251027960527E-002  0.88078392023789254        7.2076527377506661E-005   3.1039927985783911E-005   8.1779904747442470E-002   6.6915550015668901E-002
   1.9099999999999999       -1.8038422800164473       0.93606258737664472       0.57724819050320308       0.21045236475722137        3.2559034742254962       -2.8076177014802632E-002  0.87660571047130387        7.3565278039683634E-005   3.2140439564233185E-005   8.2597346248881390E-002   6.8925256782774419E-002
   1.9199999999999999       -1.7980016550164473       0.93375255962171055       0.59020743426711297       0.22214772899615082        3.2349346982052452        2.7959837582236843E-002  0.87231036959196395        7.4775924273469177E-005   3.3107758347703860E-005   8.3084360303854646E-002   7.0629884475101573E-002
   1.9299999999999999       -1.7920164165296053       0.93132657277960529       0.60424642802567163       0.23709300816396861        3.2135208425019917       -5.5862181332236839E-002  0.86781604991712069        7.6054090695608441E-005   3.4292271329484430E-005   8.3631119087549249E-002   7.2777794489931727E-002
   1.9399999999999999       -1.7858836040296053       0.92876804584703943       0.62314586752650092       0.25529307006355834        3.1916705516212867        3.7106697162828946E-002  0.86309374368567215        7.7634509410143553E-005   3.5676200940353070E-005   8.4491165518107134E-002   7.5324597449322767E-002
   1.9500000000000000       -1.7795532277960526       0.92613959189967110       0.63910368233918291       0.28294632244051870        3.1691829246922545       -2.7680658922697367E-002  0.85827335748170552        7.9027545712422354E-005   3.7655425191577366E-005   8.5127370739798022E-002   7.9095703376769688E-002
   1.9600000000000000       -1.7733055098684209       0.92354451583059205       0.65183771323833040       0.28777617823987717        3.1470578412507710        5.5428428248355262E-002  0.85348529431192499        8.0220254711484544E-005   3.8072700233350827E-005   8.5532633095127222E-002   7.9564173548880096E-002
   1.9700000000000000       -1.7664495065789474       0.92057894736842105       0.66896631539977236       0.31032175651129418        3.1228792024311267        3.6764124177631578E-002  0.84806260406092593        8.1682039804548392E-005   3.9636696280614218E-005   8.6209290380950349E-002   8.2412136023043578E-002
   1.9800000000000000       -1.7596691509046052       0.91763032483552631       0.68502412875602670       0.33322753110641401        3.0990581462257785        5.5106342516447367E-002  0.84268973972922878        8.3076147384959572E-005   4.1177621396607519E-005   8.6797239998162024E-002   8.5183604666921417E-002
   1.9899999999999998       -1.7525820209703948       0.91448439555921057       0.70408266477425263       0.35823790515052278        3.0742666286669280       -5.4816951069078947E-002  0.83697789471274930        8.4649252153478526E-005   4.2802637383528906E-005   8.7554187222708538E-002   8.8100302875846442E-002
   2.0000000000000000       -1.7456142578125000       0.91135668174342110       0.72413023567276014       0.38372353806238380        3.0499977708113821        1.8297265625000000E-002  0.83132046139365745        8.6277302819649335E-005   4.4410170577603329E-005   8.8347958087320919E-002   9.0952029342931617E-002
   2.0099999999999998       -1.7381315686677632       0.90788643606085528       0.74554638520901240       0.42045144575248478        3.0240428362796181       -8.1789674136513155E-002  0.82508308098441674        8.7981551298211180E-005   4.6603032461058189E-005   8.9198889660521544E-002   9.4968169632086749E-002
   2.0200000000000000       -1.7307324115953948       0.90442214740953952       0.76357393366994619       0.45389370953600544        2.9984773437098453       -9.0367295435855269E-002  0.81887479698783472        8.9481888244346788E-005   4.8541253831741862E-005   8.9823991336350467E-002   9.8428205789512210E-002
   2.0299999999999998       -1.7227821854440790       0.90065215357730266       0.78513576047802736       0.48588115779948166        2.9711380932055023       -9.0954512746710525E-003  0.81213752317930521        9.1185679883718797E-005   5.0346730303911368E-005   9.0634702323209082E-002  0.10158630902700541     
   2.0400000000000000       -1.7147960731907894       0.89679090254934213       0.80922316726617272       0.53027689571404513        2.9438143061587687       -2.6915296052631578E-002  0.80529033389844396        9.3029897970288642E-005   5.2725979893575191E-005   9.1563452058415581E-002  0.10586549688435488     
   2.0499999999999998       -1.7067727898848684       0.89277047697368417       0.82988765100620221       0.57936100131838630        2.9164792184528552        1.9911595394736843E-005  0.79819897812291196        9.4672040021246236E-005   5.5247137746590252E-005   9.2272855663777423E-002  0.11038647620001643     
   2.0600000000000001       -1.6982463199013158       0.88836645250822366       0.85229730016348870       0.63739187776550832        2.8875726029245476        5.3291236636513160E-002  0.79047720713364455        9.6409759636248942E-005   5.8089159954390742E-005   9.3056455714505534E-002  0.11550155299669149     
   2.0699999999999998       -1.6897804173519737       0.88398369654605258       0.87792806753779506       0.70004355351626235        2.8590315248589766       -3.5396011513157896E-002  0.78284230286447620        9.8323659849637021E-005   6.1024738410198523E-005   9.3989057094474387E-002  0.12075233262230588     
   2.0800000000000001       -1.6808425781250000       0.87918790090460530       0.90733174762756497       0.78605379712793311        2.8290652490716233      -0.10533092105263157       0.77456803687246223        1.0043951615048393E-004   6.4821044654050472E-005   9.5090666177972946E-002  0.12764759562643785     
   2.0899999999999999       -1.6717721833881578       0.87425241056743419       0.93295351315768937       0.84001861805295253        2.7988019540887130       -1.7407416735197367E-002  0.76603176850770649        1.0233743126365923E-004   6.7170073316231025E-005   9.5962573763409331E-002  0.13164048818338867     
   2.1000000000000001       -1.6619075657894737       0.86853374794407889       0.96213293416660806       0.98181179473309987        2.7660803180092262      -0.13046044407894736       0.75636435253745626        1.0442273372328013E-004   7.2791721978523476E-005   9.6987645653187168E-002  0.14197852058287244     
   2.1099999999999999       -1.6522728104440789       0.86297571957236840       0.99495263022502767        1.0776568301459963        2.7343312493173699        8.6861636513157897E-003  0.74694765498512672        1.0669446274531795E-004   7.6443346990808861E-005   9.8160535343955066E-002  0.14839428875561758     
   2.1200000000000001       -1.6421997121710525       0.85690941097861839        1.0295860862042974        1.2230263460690940        2.7013388123361688        9.3338969983552626E-003  0.73682578535581889        1.0904993643040992E-004   8.1628921798203928E-005   9.9383352531808244E-002  0.15771323758747324     
   2.1299999999999999       -1.6315868729440790       0.85030719572368418        1.0593665536007835        1.3537318935964580        2.6667693178277267       -6.8306085526315785E-002  0.72583819519846060        1.1113758500506988E-004   8.6082397781746229E-005  0.10033713508800421       0.16553685507701060     
   2.1399999999999997       -1.6211685855263158       0.84359310238486840        1.0938924413585931        1.5579066775077428        2.6330797602603311       -7.4164370888157895E-003  0.71490510392439988        1.1346431809784452E-004   9.2562660612502485E-005  0.10148262881665894       0.17716666255551880     
   2.1499999999999999       -1.6097143503289473       0.83544594983552634        1.1411572767457900        1.8727702672484072        2.5963316563656456      -0.10057852590460527       0.70190202110692079        1.1643121654459431E-004   1.0172312797020220E-004  0.10316977024697854       0.19379438705392940     
   2.1600000000000001       -1.5983293379934211       0.82773867187500005        1.1780421061528756        2.1169689849117987        2.5600241270366468       -2.3727898848684210E-002  0.68961679036993728        1.1884813779909748E-004   1.0840326093061190E-004  0.10433855718987980       0.20556470220916034     
   2.1699999999999999       -1.5859519325657894       0.81819225945723684        1.2307200091690709        2.5605425641953974        2.5209030416388263        2.3235999177631580E-002  0.67486472320556645        1.2203870427541349E-004   1.1949619868241721E-004  0.10615441668162282       0.22555595843464557     
   2.1799999999999997       -1.5733094058388157       0.80804517372532891        1.2898709036762526        3.0777819693445170        2.4812887975190816       -5.1169094366776316E-002  0.65948931205147188        1.2551274854722880E-004   1.3131229620014597E-004  0.10817696701654939       0.24672255286045780     
   2.1899999999999999       -1.5602526315789473       0.79750426603618418        1.3361570696724994        3.6140881520138368        2.4406464217336556        6.0400534539473687E-002  0.64374240303039554        1.2833085718917566E-004   1.4261974363654747E-004  0.10959804654758315       0.26674450681977097     
   2.2000000000000002       -1.5468340460526315       0.78550730879934205        1.3929251528425119        4.2703977611708153        2.3992793138202866       -4.5013764391447365E-002  0.62619641486720035        1.3162694285797773E-004   1.5538308085448062E-004  0.11139337974096626       0.28929504508179660     
   2.2100000000000000       -1.5323158922697369       0.77186820004111845        1.4529467419370967        5.1212827440028121        2.3549220104819848       -3.2732653166118418E-002  0.60683328665683145        1.3504401601724389E-004   1.7054686361753324E-004  0.11325326868954996       0.31609047664136480     
   2.2199999999999998       -1.5176477693256578       0.75714202816611842        1.5302071153064107        6.2436287050469650        2.3106194712187116       -6.6398103412828952E-002  0.58680004273464803        1.3921508803179834E-004   1.8873534742111899E-004  0.11570185061647717       0.34822521758419073     
   2.2300000000000000       -1.5014152446546052       0.73867877261513160        1.6056479158585866        7.7490840385878030        2.2620453213741905        6.0450349506578948E-003  0.56252177579779372        1.4324789419727630E-004   2.1073459665003728E-004  0.11798817081221093       0.38707125913836443     
   2.2399999999999998       -1.4846191509046052       0.71961760382401319        1.6811570352949703        9.1083526720307120        2.2123316927056562       -3.2852688116776316E-002  0.53777401720348161        1.4723477021540295E-004   2.2898242560733540E-004  0.12019164915543101       0.41871072111055618     
   2.2500000000000000       -1.4680228618421052       0.69964435649671053        1.7418804960993670        10.583095905066481        2.1637027146991930        1.7635639391447369E-002  0.51275609841597702        1.5053930950269611E-004   2.4737502340778508E-004  0.12179931095763818       0.45033248705701673     
   2.2599999999999998       -1.4507670847039473       0.67794530222039473        1.8037101236243691        12.108969520115243        2.1137218428762337       -1.1037016858552632E-002  0.48633470693889419        1.5386861120897217E-004   2.6519543010367519E-004  0.12339373316468599       0.48063738128524502     
   2.2700000000000000       -1.4317560444078947       0.65058696032072372        1.8671312851851536        14.373132485978896        2.0593210160104851        1.8101870888157895E-004  0.45512570811823794        1.5724306789125054E-004   2.8956553289221986E-004  0.12499128764046696       0.52249357829362664     
   2.2799999999999998       -1.4135729851973684       0.62624010587993417        1.8836221056227838        15.632551899600539        2.0077509098253752        7.6415039062500004E-003  0.42698352405146550        1.5863169313634767E-004   3.0264993604281812E-004  0.12499142333919670       0.54370795527692239     
   2.2900000000000000       -1.3943941200657894       0.59657842310855258        1.9087854911367452        17.500177224448930        1.9541102179276315        4.9520045230263161E-003  0.39504195343820675        1.6038814641185947E-004   3.2092029884265975E-004  0.12527408853816219       0.57401290133604121     
   2.2999999999999998       -1.3760831003289473       0.56984415604440786        1.8997015792547163        18.528065471715809        1.9034185870521947        1.1327081620065790E-002  0.36633813423357514        1.6070476396556839E-004   3.3093079279515641E-004  0.12443227092683709       0.58934457708215682     
   2.3100000000000001       -1.3563673416940789       0.53828286389802626        1.8777948759656578        19.774658828091820        1.8495176207291453       -3.5785053453947367E-003  0.33435729107103851        1.6047015720985525E-004   3.4262473527621814E-004  0.12317718257370873       0.60752853493133741     
   2.3199999999999998       -1.3384341796874999       0.50962190069901314        1.8368963097489670        20.312160158426160        1.8010612395838688        1.6108968955592107E-002  0.30573421953100910        1.5940007782569261E-004   3.4800082372457813E-004  0.12130326968899320       0.61440145429994486     
   2.3300000000000001       -1.3208117495888159       0.48261245374177630        1.7844710938611112        20.567500489572989        1.7540043371501721        6.1095240542763159E-003  0.27971387830031547        1.5778615857431946E-004   3.5093520842119054E-004  0.11904660345934027       0.61692301016875384     
   2.3399999999999999       -1.3023568770559211       0.45141713610197370        1.7218559675132676        20.691395328468246        1.7053406564411364        3.0742187500000001E-003  0.25106050212257786        1.5565837447068103E-004   3.5274514191913780E-004  0.11643960512672759       0.61745474414563617     
   2.3500000000000001       -1.2855575452302632       0.42452200863486844        1.6540897551629141        20.339224576797928        1.6615788179899518       -9.3211348684210530E-004  0.22689586721721450        1.5321652971402581E-004   3.5047686086932885E-004  0.11363963887888630       0.61087371154075354     
   2.3599999999999999       -1.2693804790296053       0.39884432051809210        1.5725895676122166        19.713860864983378        1.6198802134865209       -7.9659693667763157E-003  0.20451108072180496        1.5002993512779219E-004   3.4578015799617377E-004  0.11033514332868372       0.60013369794590166     
   2.3700000000000001       -1.2544525390625001       0.37560464124177634        1.4893959212922048        18.849919397275880        1.5818208875555742       -1.0162469161184211E-003  0.18470610137738680        1.4662622364743487E-004   3.3883412668731585E-004  0.10692392815608133       0.58559687042668596     
   2.3799999999999999       -1.2396931229440789       0.35381161595394739        1.4128577396463600        17.882436433556371        1.5446544603448165        5.7969777960526316E-004  0.16674535363849841        1.4341163857538750E-004   3.3071968594246270E-004  0.10370278786893355       0.56917135866400304     
   2.3899999999999997       -1.2257894428453948       0.33336935649671051        1.3502594685916871        16.968426519125060        1.5100918061507376        4.0919819078947366E-003  0.15073917021500438        1.4078770841528362E-004   3.2283302822933067E-004  0.10095524477320107       0.55327367515788228     
   2.3999999999999999       -1.2125619551809210       0.31411997327302632        1.2877825450061664        16.031772536984892        1.4775502719678377       -1.8241879111842104E-003  0.13624582449260511        1.3806726826994691E-004   3.1445218397931990E-004   9.8181168547517808E-002  0.53666506065803932     
   2.4100000000000001       -1.2002970908717105       0.29925792557565789        1.2288576834311686        14.991914123575045        1.4476831535339356       -4.3744757401315794E-003  0.12483901015833805        1.3543348706288020E-004   3.0471602024841380E-004   9.5510676987234588E-002  0.51789079623962775     
   2.4199999999999999       -1.1878804893092105       0.28306438630756581        1.1663676327898755        13.948624170722814        1.4177306773938632       -2.2880859375000001E-004  0.11308996876164487        1.3249250735889359E-004   2.9453139393908432E-004   9.2666025227448295E-002  0.49851264032003695     
   2.4299999999999997       -1.1769105777138158       0.27017515933388159        1.1229898448911386        13.088279468292587        1.3915942332619116       -2.0303813733552633E-003  0.10405371741244668        1.3054264605911488E-004   2.8589241945804490E-004   9.0552368077043588E-002  0.48189932102886918     
   2.4399999999999999       -1.1654081928453948       0.25695991981907895        1.0794038259497134        12.226443074414364        1.3644519772579795        1.8672286184210527E-003   9.5161721781680461E-002   1.2851091809863713E-004   2.7688740533336775E-004   8.8413853892101865E-002  0.46480770993666981     
   2.4500000000000002       -1.1549175986842106       0.24508717619243420        1.0398218989386503        11.404099121740552        1.3399299048172799        5.6732627467105266E-004   8.7352922027989444E-002   1.2664958980107498E-004   2.6796110329480440E-004   8.6423443536060476E-002  0.44798721595735458     
   2.4600000000000000       -1.1450175986842106       0.23484367290296052        1.0016950946570540        10.631883567170986        1.3169850845336915        3.0330232319078949E-003   8.0692989740873633E-002   1.2481336843395399E-004   2.5925723376357169E-004   8.4479403315730645E-002  0.43167383312828850     
   2.4699999999999998       -1.1352966899671053       0.22565266755756580       0.96567930076174835        10.019031737867383        1.2946520047639545       -3.4750719572368421E-004   7.5086126759177765E-002   1.2304717231602916E-004   2.5218518875981245E-004   8.2610961957490792E-002  0.41819859642113033     
   2.4800000000000000       -1.1256063836348684       0.21740946751644738       0.93954272315965859        9.4112924018162829        1.2726328593605443       -2.6836348684210528E-003   7.0059850351434000E-002   1.2186196333489812E-004   2.4491122873856498E-004   8.1156770587237040E-002  0.40449854552950087     
   2.4900000000000002       -1.1161728515625000       0.20848269942434211       0.91111644830383509        8.8003160220170376        1.2513584489119680       -1.5417763157894737E-003   6.4864241911235604E-002   1.2048819932177331E-004   2.3730507763977256E-004   7.9598662025125957E-002  0.39036208755522422     
   2.5000000000000000       -1.1074428453947369       0.20166576377467105       0.88511242795008005        8.2412238995381646        1.2318319533498663       -1.7920949835526317E-004   6.0789255814803274E-002   1.1923326908864736E-004   2.3010395554585100E-004   7.8140715229935931E-002  0.37700232076632229     
   2.5099999999999998       -1.0984753392269737       0.19419479337993420       0.86393772090509413        7.7542445248166691        1.2119633970963328        2.0265573601973685E-003   5.6718603866978697E-002   1.1826960955151488E-004   2.2364790285238982E-004   7.6892798641768401E-002  0.36496486457505528     
   2.5200000000000000       -1.0899055509868421       0.18859984580592104       0.84191481517114053        7.3071632204633969        1.1931152974178916        8.5518092105263161E-004   5.3552373825876333E-002   1.1721760405286464E-004   2.1753688125210512E-004   7.5605206947677861E-002  0.35358375619389781     
   2.5300000000000002       -1.0817826994243420       0.18177576069078946       0.82092477972160782        6.8709482950903231        1.1753853101629961       -7.5462582236842103E-005   5.0018500599108243E-002   1.1620650164322638E-004   2.1136195833832867E-004   7.4361703937048731E-002  0.34218916259043247     
   2.5400000000000000       -1.0735626953124999       0.17643893400493421       0.80075022612106439        6.4929137048472594        1.1575818999842593       -8.6669921874999996E-004   4.7236166974117880E-002   1.1522334396178700E-004   2.0587086870760025E-004   7.3153142920745165E-002  0.33198703867178370     
   2.5499999999999998       -1.0656700452302632       0.17148008326480263       0.78113048794885942        6.1506568835671338        1.1406129001818206        5.8595291940789470E-004   4.4721996156792891E-002   1.1425104952586547E-004   2.0076549032646109E-004   7.1968058263428683E-002  0.32248448955968029     
   2.5599999999999996       -1.0577158203125001       0.16674475226151317       0.76627402698519642        5.8176518376751298        1.1236669103120502       -1.4275801809210525E-004   4.2347942000941226E-002   1.1360311537501323E-004   1.9563748426071803E-004   7.1001947109383290E-002  0.31301997481714888     
   2.5699999999999998       -1.0503082339638159       0.16227259457236842       0.75184405648330244        5.5364693043835969        1.1079968539187783        1.1350431743421053E-003   4.0227635293257867E-002   1.1296794592631879E-004   1.9122348694111828E-004   7.0056580192614848E-002  0.30476708268903524     
   2.5800000000000001       -1.0428279810855263       0.15822128906249999       0.73589509492325966        5.2655732319628790        1.0922738037109374       -3.6007401315789475E-004   3.8300752619693151E-002   1.1219819840966866E-004   1.8684905466497459E-004   6.9040896082868036E-002  0.29664097980919996     
   2.5899999999999999       -1.0357119551809211       0.15445378803453946       0.72419992725194060        5.0443896625916373        1.0774434001320288       -3.6808696546052630E-004   3.6614731648093778E-002   1.1173448352588430E-004   1.8323668193059782E-004   6.8225644298985130E-002  0.28978279891418096     
   2.5999999999999996       -1.0284063219572368       0.15093583984375000       0.70874115146099859        4.7606279874329855        1.0622983620493036        9.0019017269736838E-004   3.4869159748679712E-002   1.1096228624000978E-004   1.7835160424035826E-004   6.7233953319390555E-002  0.28097237344942599     
   2.6099999999999999       -1.0215108347039474       0.14770300164473685       0.69693532322159701        4.5897453929664032        1.0481207068192331        8.1236636513157896E-004   3.3514648839047083E-002   1.1045743883455005E-004   1.7545783827177717E-004   6.6416181422221790E-002  0.27535452320352466     
   2.6200000000000001       -1.0144012952302632       0.14399217722039473       0.68339756175151622        4.3669973430594204        1.0335911539981240        7.2834087171052631E-004   3.1907119208888002E-002   1.0979845451515378E-004   1.7147481101054216E-004   6.5516938070926789E-002  0.26807665110655748     
   2.6299999999999999       -1.0077687705592104       0.14116597964638158       0.67128902803658097        4.1749591937110360        1.0201323080765574       -1.8774157072368422E-004   3.0650629394932797E-002   1.0923674389208378E-004   1.6798179401203116E-004   6.4687027856695223E-002  0.26161727310771088     
   2.6399999999999997       -1.0012197779605263       0.13860825966282894       0.65890592371034129        4.0170394342326494        1.0069257222225791        1.5101254111842105E-004   2.9568679438139261E-002   1.0863602246484781E-004   1.6508713641255485E-004   6.3844861687330223E-002  0.25613519346432756     
   2.6499999999999999      -0.99472286184210523       0.13520867598684211       0.64779168262579179        3.8505992281006631       0.99391606903076168       -2.6628289473684208E-004   2.8246315705148798E-002   1.0812391964064700E-004   1.6193671313391426E-004   6.3065229597449646E-002  0.25029916113075956     
   2.6600000000000001      -0.98803043791118417       0.13288855365953947       0.63660540871683768        3.6950137762655810       0.98060294040880702       -5.9517372532894735E-004   2.7257743323476691E-002   1.0759077158920131E-004   1.5893043521047345E-004   6.2283311723298172E-002  0.24472897091056361     
   2.6699999999999999      -0.98200556126644734       0.13054674650493420       0.62656434320731558        3.5665859813841196       0.96869694828234221        2.9803145559210525E-004   2.6342047329952843E-002   1.0714016795659916E-004   1.5643726089772334E-004   6.1558743698218545E-002  0.23998764817867971     
   2.6799999999999997      -0.97563999794407896       0.12755831106085527       0.61670535993940967        3.4011367520898248       0.95619901552702247        2.0234888980263157E-004   2.5172535314058001E-002   1.0669200555435522E-004   1.5305152721396329E-004   6.0844627805557903E-002  0.23391755801059466     
   2.6899999999999999      -0.96980948807565792       0.12561606188322369       0.60784903809955015        3.2837164709151621       0.94482581076371042       -2.9719880756578945E-004   2.4405564247934441E-002   1.0631838483066813E-004   1.5066666977561809E-004   6.0181603939472458E-002  0.22941660944272554     
   2.7000000000000002      -0.96377234786184207       0.12362124280427632       0.59568962192730479        3.1780468379393074       0.93309793669048113       -7.0389597039473680E-005   2.3661827358446623E-002   1.0564087859289040E-004   1.4849787953450435E-004   5.9355972389091773E-002  0.22527678317530733     
   2.7100000000000000      -0.95766417557565786       0.12139978412828947       0.58967585327447369        3.0618301126256235       0.92134981227673984        1.1112767269736842E-003   2.2840993138363488E-002   1.0549556109064510E-004   1.4602708429358146E-004   5.8837681707395367E-002  0.22071104696181168     
   2.7199999999999998      -0.95195079152960527       0.11913103412828947       0.57722373752263245        2.9355995838156606       0.91038075099744298        9.4562088815789474E-005   2.1989889686986019E-002   1.0476089949073531E-004   1.4324883020106865E-004   5.7999113904905371E-002  0.21571588547925635     
   2.7300000000000000      -0.94617499999999999       0.11754739925986842       0.57048299503337696        2.8657847712604121       0.89939923288445722       -1.7395148026315790E-004   2.1457618050826223E-002   1.0453030609975574E-004   1.4179513556042105E-004   5.7448259574742651E-002  0.21274464295072698     
   2.7400000000000002      -0.94044859169407891       0.11551586657072369       0.55935996698899138        2.7533084413499251       0.88854457987735147        3.2419305098684210E-004   2.0711166532416093E-002   1.0388539051807283E-004   1.3923901357804305E-004   5.6677841062660009E-002  0.20814708015170230     
   2.7500000000000000      -0.93492795024671049       0.11381062911184210       0.55211425729035257        2.6702481898449704       0.87816777612786545       -1.3488898026315789E-004   2.0123935980545848E-002   1.0358703403101098E-004   1.3737268442292079E-004   5.6104792250052361E-002  0.20461036923501219     
   2.7599999999999998      -0.92934863281250002       0.11212058490953947       0.54261769363318091        2.5695209245171871       0.86772544824700604        6.2613589638157898E-004   1.9496687427319980E-002   1.0306572936650777E-004   1.3500157764051587E-004   5.5418665653908829E-002  0.20035016739693950     
   2.7700000000000000      -0.92390900493421058       0.11064672080592106       0.53866745197096166        2.5112045831543313       0.85764412038702709        1.6168791118421053E-004   1.9035701410393967E-002   1.0306195107419995E-004   1.3370238537897404E-004   5.5017236194909745E-002  0.19770576552789806     
   2.7800000000000002      -0.91857733347039472       0.10909357524671053       0.52907135430641095        2.4365199192309888       0.84777735961110967        8.9746093750000004E-004   1.8516179034584447E-002   1.0250856248612102E-004   1.3193669608919866E-004   5.4328848395935977E-002  0.19439306013717902     
   2.7900000000000000      -0.91331407277960530       0.10734031661184211       0.52247410507938530        2.3519766663487953       0.83811426612452455        1.0024671052631579E-004   1.7930161245245681E-002   1.0223387258292083E-004   1.2986042785799294E-004   5.3795550172742346E-002  0.19064814068327565     
   2.7999999999999998      -0.90809583675986838       0.10600855263157895       0.51432144818426606        2.2828765477319952       0.82857582232826632        1.5172697368421053E-005   1.7480053791246918E-002   1.0179667024412706E-004   1.2816765911353721E-004   5.3183566494890880E-002  0.18749097561751729     
   2.8099999999999996      -0.90302469161184207       0.10469426912006578       0.51055127515082888        2.2213588761485186       0.81939047249241881        2.0041632401315788E-004   1.7056611121328252E-002   1.0178510427361306E-004   1.2665453567567059E-004   5.2799709616737280E-002  0.18461814168240101     
   2.8199999999999998      -0.89811677631578946       0.10340727796052632       0.50071576329298306        2.1635729524438370       0.81050231034128295       -3.5186060855263158E-004   1.6651342211271587E-002   1.0115863572961330E-004   1.2521851506851233E-004   5.2103235746252217E-002  0.18187767295057677     
   2.8300000000000001      -0.89294030633223687       0.10198155838815789       0.49370093889313388        2.0882627854523834       0.80120372021323760       -3.6387746710526313E-004   1.6171511379041170E-002   1.0080373766734382E-004   1.2323782237014984E-004   5.1554159683032660E-002  0.17836824043396951     
   2.8399999999999999      -0.88807056949013163       0.10080325863486841       0.48902907353345160        2.0353059317254005       0.79252120445653007       -1.2777549342105264E-005   1.5806090746427838E-002   1.0068016140237736E-004   1.2187994303087626E-004   5.1128984961334271E-002  0.17578177699101027     
   2.8499999999999996      -0.88319662828947365        9.9393045847039480E-002  0.48289539164321227        1.9818345062911469       0.78386667271664268        6.1621093750000003E-005   1.5394825553894043E-002   1.0039905240101200E-004   1.2047983005621567E-004   5.0629057388063427E-002  0.17315276628430154     
   2.8599999999999999      -0.87849163240131578        9.8176053659539478E-002  0.47659837664341043        1.9299047933030453       0.77555456390380861        4.5350020559210526E-004   1.5028701290331389E-002   1.0009226933553435E-004   1.1909929269941790E-004   5.0122002933926935E-002  0.17057017583804746     
   2.8700000000000001      -0.87379992804276319        9.7115650699013165E-002  0.47062761958956445        1.8877768718077137       0.76731197112234018        1.2183902138157895E-004   1.4722386741638184E-002   9.9811096245305139E-005   1.1799796085376186E-004   4.9633508992554219E-002  0.16840405841707615     
   2.8799999999999999      -0.86917629523026319        9.6041550164473688E-002  0.46360275295037545        1.8285453465067072       0.75922261448910366        3.2744654605263156E-004   1.4366763145045230E-002   9.9408544307371454E-005   1.1633418046674296E-004   4.9090639164134052E-002  0.16545305666381221     
   2.8899999999999997      -0.86428403577302637        9.4844263980263160E-002  0.45716329248275067        1.7869061303926461       0.75071567724127519       -1.7275904605263157E-004   1.4038558156866776E-002   9.9058498787402006E-005   1.1520146822562330E-004   4.8579831543348224E-002  0.16327516050247512     
   2.8999999999999999      -0.85989430509868425        9.3934118009868423E-002  0.45289416984168868        1.7462971129077143       0.74313778622275906       -1.5263157894736842E-004   1.3769186521831312E-002   9.8936054329763971E-005   1.1408178040265936E-004   4.8185740610548540E-002  0.16113068018251475     
   2.9100000000000001      -0.85558757195723689        9.2887654194078947E-002  0.44677137286527713        1.6888688989335758       0.73572472674721168        1.8538240131578949E-004   1.3427538660952920E-002   9.8603852005621766E-005   1.1238353455998380E-004   4.7694450681383865E-002  0.15818658335315933     
   2.9199999999999999      -0.85084145764802632        9.2315799753289476E-002  0.44155895646407933        1.6667178187077476       0.72760785430105113        1.0847039473684210E-004   1.3274956913998253E-002   9.8363828509437549E-005   1.1183575868572923E-004   4.7253030772032308E-002  0.15687646149888596     
   2.9299999999999997      -0.84641155427631576        9.1033948396381584E-002  0.43643628992765465        1.6170985886230769       0.72007146638569075        1.0661492598684210E-004   1.2914229433160080E-002   9.8126491584266541E-005   1.1034693700617509E-004   4.6817797473372537E-002  0.15425974538474171     
   2.9399999999999999      -0.84229903371710524        9.0214170435855265E-002  0.43138997942398544        1.5851151271553587       0.71310903175755547       -2.1978310032894736E-004   1.2689610682035748E-002   9.7890507533810836E-005   1.0943652491652777E-004   4.6388023376658941E-002  0.15246666872724413     
   2.9500000000000002      -0.83793704769736843        8.9156234580592103E-002  0.42574206562555172        1.5459653050010322       0.70575667981599510        5.4281455592105265E-005   1.2402542806926526E-002   9.7578361387591923E-005   1.0826026926295137E-004   4.5927143722329963E-002  0.15031663149188093     
   2.9600000000000000      -0.83364599095394731        8.8539807771381582E-002  0.41919794954416512        1.5234977382946930       0.69855240068937607       -1.4198704769736843E-004   1.2243158209951300E-002   9.7153736767358653E-005   1.0765271465712150E-004   4.5418839686712592E-002  0.14896808082282759     
   2.9699999999999998      -0.82943360402960531        8.7479009046052630E-002  0.41577746585970093        1.4831761505811520       0.69154167717381532        1.4806743421052630E-004   1.1954367226048519E-002   9.7083437802032588E-005   1.0639784082654320E-004   4.5080860369931135E-002  0.14673587744967037     
   2.9800000000000000      -0.82519831414473688        8.6664201274671046E-002  0.40976482663301278        1.4468612880762159       0.68450584708765938       -3.2114000822368419E-004   1.1721276202954744E-002   9.6703418275504970E-005   1.0526398419885085E-004   4.4603531513948511E-002  0.14468499304647420     
   2.9900000000000002      -0.82117764185855258        8.5760120271381579E-002  0.40565240669307934        1.4182397835351357       0.67787429476286232        1.7208573190789474E-004   1.1495947596901342E-002   9.6539810093380389E-005   1.0439234404197298E-004   4.4230720253966516E-002  0.14300703718927135     
   3.0000000000000000      -0.81719731702302634        8.5064041940789467E-002  0.40098386604501635        1.3897704188704703       0.67133572720979384       -8.0252878289473678E-005   1.1307484255338970E-002   9.6303689880683900E-005   1.0351192435802519E-004   4.3828879305697920E-002  0.14132828072349038     
   3.0099999999999998      -0.81328344983552636        8.4270543791118424E-002  0.39771089777297264        1.3606381800722889       0.66494881792570415        1.4097964638157894E-004   1.1101056701258610E-002   9.6229552159201909E-005   1.0259183498863991E-004   4.3504624192237509E-002  0.13960669638321233     
   3.0200000000000000      -0.80944096422697365        8.3572496916118427E-002  0.39187546741811063        1.3319055801396358       0.65868496852673986        1.3336245888157894E-004   1.0912443150972066E-002   9.5838322711343948E-005   1.0167130876890855E-004   4.3041288740150084E-002  0.13789592076736737     
   3.0300000000000002      -0.80536092722039476        8.2909231085526322E-002  0.38692865094708567        1.3035621577357481       0.65207531806544250       -1.3791118421052631E-004   1.0731160655774568E-002   9.5546832993709013E-005   1.0075008236357302E-004   4.2627610358704708E-002  0.13619549087828220     
   3.0400000000000000      -0.80158109580592107        8.2126896587171053E-002  0.38256566662121638        1.2801649934050976       0.64598490829467770       -6.5105879934210532E-005   1.0545316967211272E-002   9.5320168811505412E-005   1.0000644484720636E-004   4.2247166232246169E-002  0.13474552568886752     
   3.0499999999999998      -0.79774569284539476        8.1503623560855262E-002  0.37975123132043598        1.2559384817597317       0.63984803013048674       -1.4456722861842106E-004   1.0383673045509740E-002   9.5281296517590874E-005   9.9218424540586982E-005   4.1953473854990840E-002  0.13324546456335878     
   3.0600000000000001      -0.79396434004934213        8.0875282689144734E-002  0.37487854741751786        1.2356545682835867       0.63380731542486890       -4.6602590460526317E-005   1.0233294727927760E-002   9.4978420746940880E-005   9.8575156711685658E-005   4.1547226641406067E-002  0.13194896793825636     
   3.0699999999999998      -0.79043591694078952        7.9912792968749993E-002  0.37008041702656230        1.2017658555827637       0.62819516039396583        2.9815995065789473E-005   9.9890048478779043E-003   9.4677035563000449E-005   9.7372728914960226E-005   4.1146021460816549E-002  0.12991488522334760     
   3.0800000000000001      -0.78661398026315787        7.9440321751644741E-002  0.36625921575467840        1.1835240303489971       0.62215460221140007       -3.0566406250000001E-005   9.8705830925389336E-003   9.4493779605247388E-005   9.6788135045655440E-005   4.0800147712840837E-002  0.12871564972305347     
   3.0899999999999999      -0.78298169202302637        7.8848658511513153E-002  0.36357182090207296        1.1589201910074884       0.61645038873772873        3.9766652960526318E-005   9.7142431660702348E-003   9.4452141800788596E-005   9.5932161022434294E-005   4.0518634368725728E-002  0.12716444386663137     
   3.0999999999999996      -0.77932744654605268        7.8351655016447364E-002  0.35793822021219185        1.1443922516419101       0.61071043524491164        1.3043791118421053E-004   9.6034505743729445E-003   9.4020802638243966E-005   9.5483103087137100E-005   4.0073798918444058E-002  0.12616090007900438     
   3.1099999999999999      -0.77580290912828942        7.7723098273026314E-002  0.35511261687357076        1.1229493071101053       0.60522433812994703        1.6741365131578949E-004   9.4513998734323604E-003   9.3951055539155179E-005   9.4736752556392795E-005   3.9786966996658395E-002  0.12477226317395013     
   3.1200000000000001      -0.77226314761513160        7.7325328947368419E-002  0.35233511881136487        1.1030713516535047       0.59973975488763109       -1.0444078947368422E-004   9.3401270213880044E-003   9.3883826912790936E-005   9.4045349147286005E-005   3.9504042882436682E-002  0.12346466349592419     
   3.1299999999999999      -0.76862206003289468        7.6643045847039473E-002  0.34888581313765149        1.0814866159414935       0.59411776123046878       -1.4882298519736841E-004   9.1798724023919361E-003   9.3722575796000243E-005   9.3269783081132047E-005   3.9184606402067695E-002  0.12205528162949421     
   3.1399999999999997      -0.76527114514802630        7.6039036800986837E-002  0.34471589975699701        1.0595857816688259       0.58895902802316769        1.4281969572368420E-004   9.0310555809422540E-003   9.3458440341376208E-005   9.2467924215578425E-005   3.8825689849312041E-002  0.12062057884936601     
   3.1499999999999999      -0.76200035978618419        7.5376583059210522E-002  0.34127411798667617        1.0435076191727950       0.58395147452103469        1.0866570723684211E-004   8.8916380631296251E-003   9.3286855377442909E-005   9.1909692367985851E-005   3.8508738687428185E-002  0.11951177775849843     
   3.1600000000000001      -0.75839924958881577        7.5070209703947371E-002  0.33659534402061808        1.0271743152967918       0.57845175231130497       -8.8291529605263153E-005   8.8053321236058277E-003   9.2939291651594571E-005   9.1332183446950121E-005   3.8122830736754057E-002  0.11838500740465432     
   3.1699999999999999      -0.75512312911184210        7.4236775287828946E-002  0.33436648064333235        1.0066923299036037       0.57349220508776211       -1.6581517269736843E-004   8.6275193967317275E-003   9.2924204655168267E-005   9.0559962566190259E-005   3.7876537956151340E-002  0.11701375604767045     
   3.1799999999999997      -0.75166330180921048        7.3933485814144731E-002  0.33117826417901058       0.99259975350553786       0.56826823401200144       -2.6682257401315792E-004   8.5486478403994908E-003   9.2771858330518677E-005   9.0065583060479224E-005   3.7576987828982694E-002  0.11600900258356067     
   3.1899999999999999      -0.74842474300986839        7.3465907689144738E-002  0.32588456163262725       0.97637402621279801       0.56337810560527601       -1.3579872532894737E-004   8.4388735219051957E-003   9.2316812289449247E-005   8.9466752561985426E-005   3.7158603309478497E-002  0.11487643212974681     
   3.2000000000000002      -0.74513761307565785        7.2781167763157892E-002  0.32395659641499813       0.95871600652538524       0.55846962838423875        2.6410361842105261E-004   8.2930859013607625E-003   9.2331866600152594E-005   8.8792892087383076E-005   3.6932746640061027E-002  0.11365490187185033     
   3.2100000000000000      -0.74178055098684215        7.2518868215460525E-002  0.32208885427309569       0.94453259658412203       0.55347943637245578       -2.0767372532894736E-004   8.2198745627152289E-003   9.2353020497617846E-005   8.8271237424678383E-005   3.6711403417886347E-002  0.11263519890700395     
   3.2199999999999998      -0.73866347656249998        7.1818441611842102E-002  0.31813674464412744       0.92786258194098858       0.54884499041908663       -5.0863486842105262E-005   8.0755814401726970E-003   9.2070608083482755E-005   8.7624991697861674E-005   3.6372170316533455E-002  0.11146334347653461     
   3.2300000000000000      -0.73554339021381576        7.1474850945723686E-002  0.31348253236462675       0.91556186337795720       0.54421795770745529       -3.8779810855263158E-005   7.9966082422356852E-003   9.1678483101221975E-005   8.7177283444385946E-005   3.5993354367683500E-002  0.11055051176105413     
   3.2400000000000002      -0.73242917351973680        7.1088646175986842E-002  0.31307735108181062       0.90438858178610759       0.53966202625475435       -6.6205797697368427E-005   7.9151376121922544E-003   9.1902866800678328E-005   8.6777725693102750E-005   3.5859067064431711E-002  0.10970418655523112     
   3.2500000000000000      -0.72908611225328945        7.0524486019736848E-002  0.30965051757722700       0.88620719732567088       0.53476058602584031        2.1098889802631578E-004   7.7863724557976971E-003   9.1680608998736277E-005   8.6033489921224081E-005   3.5552546694326510E-002  0.10842866914379502     
   3.2599999999999998      -0.72621714638157897        7.0105237458881572E-002  0.30712454976944914       0.87134232654166055       0.53057884063720706       -2.1073704769736842E-004   7.6887443040546616E-003   9.1586843151348897E-005   8.5440037220455771E-005   3.5298628998826180E-002  0.10735042713343156     
   3.2700000000000000      -0.72314010074013158        6.9699953741776316E-002  0.30388274256825554       0.86007354875295128       0.52610483555040866       -8.2714843749999998E-005   7.6046074817055151E-003   9.1381649833066858E-005   8.5015848833579826E-005   3.5004464431187224E-002  0.10649080025148103     
   3.2800000000000002      -0.72016658100328945        6.9272039473684210E-002  0.30028605379697826       0.84946243079226058       0.52179478474667196        1.6249999999999999E-004   7.5195498014751236E-003   9.1117049544217743E-005   8.4618872298265462E-005   3.4690607797917515E-002  0.10567039662612662     
   3.2900000000000000      -0.71720239514802631        6.8791837993421048E-002  0.29764380812571323       0.83205136438367244       0.51752549273842263        1.8373766447368420E-004   7.4056070026598479E-003   9.0991861006138535E-005   8.3874750421571729E-005   3.4432669938483887E-002  0.10442278958260115     
   3.2999999999999998      -0.71410892269736848        6.8311595394736843E-002  0.29492480400183080       0.82109291078076485       0.51308800964355472       -1.9188939144736841E-004   7.3125742661325557E-003   9.0850602749188600E-005   8.3447118469980492E-005   3.4171172530824294E-002  0.10357557492516367     
   3.3100000000000001      -0.71121240748355263        6.8118739720394741E-002  0.29232241465139924       0.81129540348223783       0.50895073856554529        1.7562705592105262E-004   7.2626117103978208E-003   9.0722973458451953E-005   8.3073350741551168E-005   3.3917297148238802E-002  0.10280013433153884     
   3.3199999999999998      -0.70840089432565789        6.7602569901315787E-002  0.29016831316557817       0.79897369682751962       0.50495521693982581       -7.7652138157894733E-005   7.1605299899452609E-003   9.0661165864324559E-005   8.2564528714196018E-005   3.3690315664489892E-002  0.10186274385944184     
   3.3300000000000001      -0.70565673314144739        6.7307827919407898E-002  0.28722587631114999       0.78793102692817074       0.50106179516440941        2.0830078124999999E-004   7.0926584645321497E-003   9.0472009869722495E-005   8.2115367580642366E-005   3.3418405110189765E-002  0.10100436805114447     
   3.3399999999999999      -0.70255894325657897        6.6969125205592103E-002  0.28535938861186771       0.77796575912107646       0.49669781405800267       -4.9213610197368421E-005   7.0223692341854702E-003   9.0448375915734249E-005   8.1716865220924463E-005   3.3209916790746127E-002  0.10021325746853492     
   3.3499999999999996      -0.69989326685855258        6.6644217722039475E-002  0.28279592255553571       0.76841783666231311       0.49294987917448346       -3.5922080592105261E-005   6.9553187018946598E-003   9.0310781843738522E-005   8.1335351058895908E-005   3.2961725322517538E-002   9.9447641175294824E-002
   3.3599999999999999      -0.69681483347039475        6.6018354235197363E-002  0.27934027212660628       0.75384737067888663       0.48863063864456979        1.0296566611842106E-004   6.8319847809640982E-003   9.0025237692371488E-005   8.0680684524665975E-005   3.2662217756869477E-002   9.8353596372926150E-002
   3.3700000000000001      -0.69419406866776312        6.5775663034539480E-002  0.27747226120255430       0.74522046004621778       0.48498277286730312        1.2392064144736842E-005   6.7789700257150746E-003   8.9990758206783705E-005   8.0336990531035325E-005   3.2456228866590886E-002   9.7644009856118902E-002
   3.3799999999999999      -0.69132885485197371        6.5437864925986841E-002  0.27399294574094735       0.73368884954409086       0.48099242638035822       -4.4680304276315792E-005   6.7038605639809052E-003   8.9690121931847476E-005   7.9831177096440054E-005   3.2156676887438056E-002   9.6742160173674110E-002
   3.3899999999999997      -0.68871773231907896        6.5146340460526322E-002  0.27226608255190199       0.72533161696655446       0.47738769005223325       -1.9569284539473685E-004   6.6452899932861326E-003   8.9671553335649709E-005   7.9492540495573080E-005   3.1960623599065562E-002   9.6047624150403355E-002
   3.3999999999999999      -0.68600682565789473        6.4925226151315796E-002  0.26989819815858962       0.72007447852561801       0.47365226247687087        2.5988898026315792E-004   6.6061572827790915E-003   8.9544132424797916E-005   7.9320673152841919E-005   3.1727747959513178E-002   9.5558081539423675E-002


