   1.3999999999999999       -1.9680318421052632       0.99137598684210526       0.14426963985753755        1.6757727265550266E-002   3.8742538959703947       -2.3794243421052630E-002  0.98291799110814149        4.8222388994483760E-005   1.3890081352001393E-005   2.5193737923648662E-002   1.0159602360321020E-002
   1.4099999999999999       -1.9666810526315790       0.99098628289473689       0.14852489252656642        1.7627346950138876E-002   3.8689878094161183       -2.3769276315789473E-002  0.98215090100740132        4.9277872392185804E-005   1.4296714519431730E-005   2.5381289336350421E-002   1.0382862175814250E-002
   1.4199999999999999       -1.9650623355263157       0.99052978618421050       0.15380479019068127        1.8524713846471183E-002   3.8626814355468748        3.9607286184210527E-002  0.98125201159025488        5.0501756983219756E-005   1.4707983662097107E-005   2.5646597476104458E-002   1.0606320612667209E-002
   1.4299999999999999       -1.9635990789473685       0.99010995065789476       0.15857649484526190        1.9417844070215171E-002   3.8569880345394738        5.5456726973684208E-002  0.98042618125513981        5.1640288158514133E-005   1.5111296810209490E-005   2.5859286554021459E-002   1.0820956596961202E-002
   1.4399999999999999       -1.9618830263157894       0.98962381578947367       0.16437029134822961        2.0397623288697590E-002   3.8503164083059209        5.5410657894736842E-002  0.97947003340871708        5.2942856183677886E-005   1.5541904712839986E-005   2.6144620337618711E-002   1.1052021129130658E-002
   1.4500000000000000       -1.9602898026315789       0.98916277960526311       0.16935326351365557        2.1392521329219028E-002   3.8441269901315791       -5.5405575657894737E-002  0.97856417313425159        5.4112549964222112E-005   1.5971591743584817E-005   2.6354935154988556E-002   1.1279248238228174E-002
   1.4600000000000000       -1.9585555921052631       0.98866680921052630       0.17417011110745667        2.2345284343153766E-002   3.8373902456825659        1.6578947368421053E-005  0.97758949758429281        5.5255165336410563E-005   1.6379573271836821E-005   2.6544046399176405E-002   1.1488139061891030E-002
   1.4700000000000000       -1.9567615789473685       0.98814476973684207       0.18025384227998426        2.3499754706133181E-002   3.8304374023437502       -3.1600559210526319E-002  0.97656502595600325        5.6596921976034450E-005   1.6854797706892283E-005   2.6819958398565082E-002   1.1741029150923604E-002
   1.4800000000000000       -1.9549092763157894       0.98760361842105260       0.18626217671021941        2.4747965018338550E-002   3.8232639843750000       -6.3160822368421049E-002  0.97550398129111837        5.7923829283797849E-005   1.7355367606670655E-005   2.7079072857290450E-002   1.2008038127858615E-002
   1.4900000000000000       -1.9531328947368420       0.98708902960526312       0.19120617366317144        2.5755390731907767E-002   3.8163862952302630       -7.8984490131578947E-002  0.97449465678967928        5.9084074390863206E-005   1.7764803915211372E-005   2.7251967107897807E-002   1.2208831684011037E-002
   1.5000000000000000       -1.9511249671052631       0.98650963815789472       0.19717148210515412        2.6972151163628649E-002   3.8086215897409539        6.3129473684210527E-002  0.97335930612664479        6.0401332844126982E-005   1.8240495620250916E-005   2.7489317703282681E-002   1.2452178343424625E-002
   1.5100000000000000       -1.9491176644736843       0.98591590460526313       0.20291291005854845        2.8251624490058743E-002   3.8008669423314143        4.7310937499999997E-002  0.97219681139494241        6.1682930643470880E-005   1.8730242436854045E-005   2.7701995955841489E-002   1.2701833281681153E-002
   1.5200000000000000       -1.9470429605263158       0.98531027960526318       0.20913489081337508        2.9637148581011723E-002   3.7928637325246712       -3.1546299342105261E-002  0.97101231766550167        6.3036203291871304E-005   1.9247450669183348E-005   2.7938483453460967E-002   1.2966703608712993E-002
   1.5299999999999998       -1.9450338486842105       0.98469427631578943       0.21468120284715822        3.1038628367854492E-002   3.7851197476356906       0.13392805921052631       0.96980832211143098        6.4286777037347349E-005   1.9761967851872251E-005   2.8121517231083644E-002   1.3226310510011234E-002
   1.5400000000000000       -1.9427744407894736       0.98402626644736846       0.22081023147776463        3.2604591223457352E-002   3.7764181275699014      -0.11805064144736842       0.96850383005242602        6.5624125619028709E-005   2.0320432759513688E-005   2.8334923525841372E-002   1.3511768276455855E-002
   1.5499999999999998       -1.9404381250000000       0.98333299342105263       0.22797160059368538        3.4159253895279199E-002   3.7674395769942435        2.3585592105263158E-002  0.96715059955797700        6.7112788658588092E-005   2.0866674895585279E-005   2.8604992959997595E-002   1.3785467801986664E-002
   1.5599999999999998       -1.9381704934210526       0.98264320723684206       0.23500717657218145        3.5811799006998296E-002   3.7587388985402961       -7.0762220394736841E-002  0.96580590087890628        6.8580140938433244E-005   2.1434264266105670E-005   2.8856864037210578E-002   1.4069670902879621E-002
   1.5699999999999998       -1.9357344407894737       0.98190776315789474       0.24134480618368842        3.7602759935063353E-002   3.7493916174958883      -0.10206822368421052       0.96437346602590457        6.9944221947916853E-005   2.2033977406401265E-005   2.9057115207378338E-002   1.4371205645958533E-002
   1.5799999999999998       -1.9334219407894737       0.98121182565789478       0.24729940424689326        3.9155289366669448E-002   3.7405319567228617       -3.9262253289473685E-002  0.96301830836245883        7.1252783461439809E-005   2.2555734551966250E-005   2.9227227313136667E-002   1.4618400114692051E-002
   1.5899999999999999       -1.9308751644736841       0.98043490131578948       0.25554023512292889        4.1174426585654442E-002   3.7308024604235199       -2.3538618421052631E-002  0.96150832750822368        7.2888662640802876E-005   2.3203075572991934E-005   2.9523353721839393E-002   1.4943364394178454E-002
   1.5999999999999999       -1.9282530263157895       0.97962615131578945       0.26182774003808978        4.2927358340563167E-002   3.7207780108963817       -1.5676052631578948E-002  0.95993569233141451        7.4243942164800957E-005   2.3766229452225506E-005   2.9697576865920387E-002   1.5210386849424325E-002
   1.6099999999999999       -1.9256682565789474       0.97881874999999996       0.26901659493350033        4.5357846028117661E-002   3.7109221325041117        7.8219407894736838E-003  0.95837140368009865        7.5726628957601739E-005   2.4505996195827524E-005   2.9915538772649280E-002   1.5586422425172289E-002
   1.6199999999999999       -1.9229309868421052       0.97798930921052629       0.27701491897224007        4.7254359781651392E-002   3.7005034159128289       -2.3510098684210525E-002  0.95676212042557562        7.7321417408474105E-005   2.5090635514313543E-005   3.0169612645281778E-002   1.5859759732504364E-002
   1.6299999999999999       -1.9200882565789474       0.97707884868421058       0.28515324375289741        4.9857101386904926E-002   3.6896983804481907        2.3440131578947369E-002  0.95500052605879937        7.8933248225238485E-005   2.5851784535244421E-005   3.0421787113795857E-002   1.6240630284717967E-002
   1.6399999999999999       -1.9171832236842106       0.97618070723684214       0.29157828029704158        5.1791009966844916E-002   3.6786549074835526       -3.1235575657894737E-002  0.95326055933902143        8.0307229895023742E-005   2.6429097107070229E-005   3.0575031012977514E-002   1.6502070388804826E-002
   1.6499999999999999       -1.9141441447368421       0.97522276315789469       0.30138306659400260        5.4739222700587481E-002   3.6671529451069080       -5.4619539473684212E-002  0.95141224917763156        8.2144138741745447E-005   2.7253638919268252E-005   3.0896454755389293E-002   1.6913773486867085E-002
   1.6599999999999999       -1.9112879276315788       0.97432032894736842       0.30791203564633285        5.6978901771520006E-002   3.6563359267064146        3.1195328947368421E-002  0.94966957596628288        8.3532337213917908E-005   2.7889728959249876E-005   3.1041193680886901E-002   1.7204266538717997E-002
   1.6699999999999999       -1.9080904605263158       0.97328942434210530       0.31500882629386695        5.9681964229041179E-002   3.6442409560032893       -7.7763980263157893E-003  0.94768163509971215        8.4998457592960365E-005   2.8629449818247452E-005   3.1208871087235617E-002   1.7554824319691853E-002
   1.6799999999999999       -1.9049103618421053       0.97226468749999995       0.32328894068810765        6.2723503938770589E-002   3.6322477472245067        7.7994572368421050E-003  0.94571024555407068        8.6623937023463813E-005   2.9437641302758222E-005   3.1428185768150138E-002   1.7942943270252632E-002
   1.6899999999999999       -1.9016365131578947       0.97122901315789478       0.33174513562407865        6.5294674794864005E-002   3.6199225894325657       0.15535167763157895       0.94371684287623359        8.8271843961227071E-005   3.0124194737452080E-005   3.1648180461572258E-002   1.8252766515473924E-002
   1.7000000000000000       -1.8982462828947368       0.97011648026315789       0.34207834916760382        6.8850119409977900E-002   3.6072006943873354        6.2102532894736842E-002  0.94158319310238492        9.0166440993133439E-005   3.1024873695213772E-005   3.1948247604487424E-002   1.8687923919940532E-002
   1.7100000000000000       -1.8947028289473684       0.96892893092105259       0.35170413311291820        7.3023234775035084E-002   3.5939160680509867        7.7519523026315790E-002  0.93931104556435030        9.1964043658104247E-005   3.2045112560637557E-005   3.2205184742621240E-002   1.9189587872568924E-002
   1.7200000000000000       -1.8910845065789474       0.96774848684210524       0.35953708057724909        7.5841417345880596E-002   3.5803555114103620       -6.9642335526315796E-002  0.93704669330797696        9.3526246104286959E-005   3.2752967653172414E-005   3.2372524341126911E-002   1.9499441207470089E-002
   1.7300000000000000       -1.8874541447368420       0.96653498355263157       0.36828961476271682        7.9901168001173042E-002   3.5667888281250000        3.8704621710526313E-002  0.93472983154296874        9.5208133671956656E-005   3.3715750243623125E-005   3.2574803327903912E-002   1.9956605924549179E-002
   1.7400000000000000       -1.8836832236842105       0.96526523026315791       0.37937948611465561        8.4350035745366772E-002   3.5527492423930922       -7.6920723684210527E-003  0.93231028140419403        9.7189507813103898E-005   3.4741652513700548E-005   3.2871599947357111E-002   2.0445662168982390E-002
   1.7500000000000000       -1.8800565131578948       0.96405763157894742       0.38697204151511105        8.7765500292188589E-002   3.5392417968749998        1.5410657894736841E-002  0.93000707648026315        9.8721343157908589E-005   3.5539732388105776E-005   3.3009193597942334E-002   2.0795820551668752E-002
   1.7599999999999998       -1.8761649013157895       0.96273021381578949       0.39745511084903179        9.2484669281618775E-002   3.5248039437705594       -2.3064490131578946E-002  0.92748529669510693        1.0062129984067968E-004   3.6586799497866902E-005   3.3263239616753620E-002   2.1286865162395290E-002
   1.7700000000000000       -1.8718232565789474       0.96123353618421048       0.40828367322714898        9.7670104269349065E-002   3.5087188348067433       -3.8475411184210523E-002  0.92464520829050167        1.0256223719670840E-004   3.7705149873020521E-005   3.3522848124558524E-002   2.1813600830493229E-002
   1.7799999999999998       -1.8680094736842106       0.95990064144736842       0.41886605033008550       0.10308604988168374        3.4946435156250000       -3.0717878289473685E-002  0.92212601164165298        1.0446980778688315E-004   3.8845718874964905E-005   3.3763755578136719E-002   2.2347200071889926E-002
   1.7900000000000000       -1.8636205263157894       0.95835919407894732       0.42993457170260807       0.10867252719322096        3.4784625339226976       -6.8914062499999998E-002  0.91921220356188327        1.0643572626517278E-004   3.9996281043797312E-005   3.4015849597558420E-002   2.2880554071982372E-002
   1.7999999999999998       -1.8593265460526316       0.95683883223684207       0.43990084600995305       0.11424868164815571        3.4626626999383223       -3.0671101973684209E-002  0.91634386191920225        1.0826376253647694E-004   4.1123972848183019E-005   3.4216695320170500E-002   2.3394971220299675E-002
   1.8100000000000001       -1.8548739473684210       0.95526914473684210       0.45082018116228606       0.12015806796283522        3.4463266262335526        7.5999013157894736E-003  0.91338869397615130        1.1020808650667103E-004   4.2291098724846365E-005   3.4447385788843793E-002   2.3926013864222474E-002
   1.8199999999999998       -1.8502884868421052       0.95366243421052632       0.45995208109978686       0.12530169473623656        3.4295188332648028        3.5526315789473684E-005  0.91036285516036186        1.1193370899406872E-004   4.3305930942185393E-005   3.4603344405846635E-002   2.4365534771866950E-002
   1.8299999999999998       -1.8457287171052632       0.95198394736842107       0.47301507292720690       0.13336528089186991        3.4129023103412828       -2.2825592105263158E-002  0.90722678942228618        1.1413577504784551E-004   4.4800220279662313E-005   3.4899529292900300E-002   2.5068538560860224E-002
   1.8399999999999999       -1.8408719407894736       0.95018498355263159       0.48359993555493214       0.14112704331231735        3.3952051115337172       -6.0850838815789475E-002  0.90386585359272209        1.1603637494758612E-004   4.6211199913971203E-005   3.5096068037077092E-002   2.5717537343427455E-002
   1.8499999999999999       -1.8361042763157895       0.94846138157894733       0.49591549284614084       0.14790707612848097        3.3779088774671053        8.3447631578947370E-002  0.90064785207648024        1.1814321337816403E-004   4.7436599901114012E-005   3.5348035207959087E-002   2.6256799080400406E-002
   1.8599999999999999       -1.8307245065789475       0.94646771381578942       0.51046636573159365       0.15739175225744612        3.3584506933593752        4.5412976973684210E-002  0.89694468274568262        1.2051184148538759E-004   4.9066001735482073E-005   3.5670055983650396E-002   2.7012680525340671E-002
   1.8699999999999999       -1.8256541447368422       0.94451657894736840       0.52530127689697237       0.16892671553823993        3.3401885485197367        7.7010592105263162E-002  0.89334552477384865        1.2290768743826761E-004   5.0968656362373941E-005   3.5991155576878389E-002   2.7910109152444341E-002
   1.8799999999999999       -1.8204460855263158       0.94253406250000005       0.53544639753442902       0.17711322596652437        3.3214164571340459        8.2943963815789473E-002  0.88967113422594568        1.2475244392467163E-004   5.2328421445040912E-005   3.6143759217650451E-002   2.8502289127511647E-002
   1.8899999999999999       -1.8150743092105264       0.94049876644736841       0.54817803535408072       0.18542636083538053        3.3021437587376643       -2.2551529605263156E-002  0.88590689774362663        1.2689830807710367E-004   5.3684616136232620E-005   3.6377443932407875E-002   2.9086268213493232E-002
   1.8999999999999999       -1.8092641447368421       0.93822485197368422       0.56284939826278979       0.19807209221310909        3.2813738013980265       -5.9958470394736840E-002  0.88173593917043580        1.2926558517612708E-004   5.5631613681699272E-005   3.6667024714779541E-002   2.9982511794768452E-002
   1.9099999999999999       -1.8037601644736843       0.93604950657894737       0.57517506874476809       0.21001168307566689        3.2617472003495065        7.2329177631578950E-002  0.87775556280838818        1.3136104851955223E-004   5.7434338558728516E-005   3.6872266024511796E-002   3.0792022347716233E-002
   1.9199999999999999       -1.7980209539473684       0.93367126644736842       0.59369981617173828       0.22808236083329270        3.2414286281866778       -1.4935740131578947E-002  0.87345265149568252        1.3415840874737384E-004   6.0010835973263070E-005   3.7266224652048291E-002   3.2005779185740303E-002
   1.9299999999999999       -1.7920013157894736       0.93128580592105259       0.60620816936912558       0.24188304851489351        3.2200892814555919      -0.10443337171052632       0.86911682373046872        1.3627036334076874E-004   6.1960452929680791E-005   3.7461637107290717E-002   3.2874354300514573E-002
   1.9399999999999999       -1.7859604934210527       0.92877078947368419       0.62005955144311553       0.25687076092698341        3.1987707283100328       -7.9850986842105263E-003  0.86456177811472035        1.3853249095818586E-004   6.4016424457441856E-005   3.7691909539053652E-002   3.3790112703309519E-002
   1.9500000000000000       -1.7796281578947368       0.92610442434210527       0.63826618044215822       0.27476304307120142        3.1765568770559209        6.6632730263157898E-003  0.85976232640316608        1.4127611400230748E-004   6.6378842811053594E-005   3.8045165217189446E-002   3.4857402583855834E-002
   1.9600000000000000       -1.7729900000000001       0.92327990131578952       0.65665520333632266       0.29723079192139062        3.1533474722450658       -8.4627302631578947E-003  0.85472144942434214        1.4403166424575346E-004   6.9216262930008707E-005   3.8392446945973435E-002   3.6161965938943323E-002
   1.9700000000000000       -1.7665250986842105       0.92059034539473683       0.67046258662130920       0.31267448259736830        3.1307749799547699        3.2265624999999998E-003  0.84989271188836346        1.4628059319073131E-004   7.1172553171667315E-005   3.8597059297407525E-002   3.6995276369435191E-002
   1.9800000000000000       -1.7594857236842105       0.91753881578947372       0.68661800579763010       0.33468589637369817        3.1063049229029605       -5.0990559210526316E-002  0.84446606471011509        1.4878392000276791E-004   7.3821780123203284E-005   3.8862038078470142E-002   3.8178536790989981E-002
   1.9899999999999998       -1.7527510526315790       0.91448133223684214       0.70659503328077855       0.36353242872168334        3.0830666704358554       -8.8472450657894733E-002  0.83910200362356091        1.5169510927651742E-004   7.7131420505813659E-005   3.9225219539696946E-002   3.9689735978870953E-002
   2.0000000000000000       -1.7456523026315789       0.91129282894736841       0.72455372860804346       0.39163445073351966        3.0586231136924340       -5.8338519736842107E-002  0.83351426423725328        1.5438265521271405E-004   8.0258059393376708E-005   3.9521959734454798E-002   4.1092126409408875E-002
   2.0099999999999998       -1.7382951973684211       0.90796845394736847       0.74505171580967844       0.41920332415744632        3.0334283316200659        4.7515131578947370E-003  0.82769811446340458        1.5733396211109246E-004   8.3242209685508757E-005   3.9877720155877011E-002   4.2407971501473123E-002
   2.0200000000000000       -1.7308216118421054       0.90445468750000002       0.76352101543401063       0.45195719093603748        3.0079132612047697       -8.5810032894736848E-003  0.82160450645045235        1.6006452110298760E-004   8.6647801438742382E-005   4.0169118127992183E-002   4.3924430036273367E-002
   2.0299999999999998       -1.7227003289473684       0.90060848684210526       0.78721513056645154       0.49090650307657030        2.9803684344161185       -1.9669736842105262E-003  0.81498838173314148        1.6333376265373223E-004   9.0527520225270843E-005   4.0586709931670711E-002   4.5665113650579979E-002
   2.0400000000000000       -1.7148416118421053       0.89672518092105258       0.80814612646153516       0.53437955879363908        2.9538191791735198       -3.3116282894736842E-003  0.80837438720703125        1.6630615691543005E-004   9.4683262669606553E-005   4.0921161255622923E-002   4.7527284791018191E-002
   2.0499999999999998       -1.7066687828947369       0.89245491776315788       0.83692568278273560       0.59594869805819817        2.9264573195929278        4.9320805921052632E-002  0.80124802567331410        1.7007110021229776E-004   1.0023388893949532E-004   4.1440287118951320E-002   5.0068049889777179E-002
   2.0600000000000001       -1.6979652960526317       0.88811146381578943       0.85557291775565825       0.64859346023960707        2.8972686045435854        3.8248190789473683E-003  0.79396112266138985        1.7279411505868406E-004   1.0482216017583091E-004   4.1696006650035929E-002   5.2105772825267405E-002
   2.0699999999999998       -1.6894047039473685       0.88379302631578949       0.87325032959526183       0.68875187122939951        2.8687046222245067      -0.12932072368421052       0.78665931794819077        1.7541750800821444E-004   1.0828038247525408E-004   4.1921054913863005E-002   5.3564788238966272E-002
   2.0800000000000001       -1.6807174013157895       0.87894133223684212       0.90502606726818546       0.77294813419957087        2.8401059236225330        2.6439128289473684E-002  0.77881806910464635        1.7944323563284258E-004   1.1498470003825464E-004   4.2471771747418355E-002   5.6607852326525362E-002
   2.0899999999999999       -1.6716513157894737       0.87412699013157891       0.92950839316598088       0.83637971658867105        2.8102782216282893       -8.8569029605263153E-002  0.77092625115645563        1.8272844417539162E-004   1.1989694065683154E-004   4.2836456774249916E-002   5.8743764226122250E-002
   2.1000000000000001       -1.6621469736842105       0.86869070723684205       0.95624576693465846       0.92829401065082651        2.7792053895970397        6.5428305921052629E-002  0.76223845664576484        1.8622469432868246E-004   1.2661513841576066E-004   4.3241289567476381E-002   6.1739953208447100E-002
   2.1099999999999999       -1.6521523026315790       0.86280657894736845       0.99108620502223477        1.0279165085924991        2.7468432267680920       -7.5142894736842103E-002  0.75290747327302632        1.9048964982112829E-004   1.3355291163678388E-004   4.3813346828875221E-002   6.4814304036050568E-002
   2.1200000000000001       -1.6423605263157894       0.85714603618421048        1.0146985767206711        1.1085624667968776        2.7151624002878290       -1.6270773026315789E-002  0.74387961027446547        1.9365896170195300E-004   1.3902126250221123E-004   4.4123081341847600E-002   6.7149892831256747E-002
   2.1299999999999999       -1.6324327960526315       0.85126412828947373        1.0503353058415212        1.2105981617025785        2.6834511549136515       -5.1633108552631576E-002  0.73472317112972862        1.9795970501960907E-004   1.4562066812018990E-004   4.4680450955515816E-002   7.0007307115058440E-002
   2.1399999999999997       -1.6208063486842106       0.84357853618421053        1.0899116762203060        1.3887255318292544        2.6465107180304277        3.6255871710526313E-002  0.72323362420333059        2.0260149163156834E-004   1.5633215309000979E-004   4.5301757234414805E-002   7.4805665777649563E-002
   2.1499999999999999       -1.6103846052631579       0.83691715460526317        1.1170198071360733        1.5110959922061167        2.6135082020970395       -4.2228273026315787E-002  0.71312116891961352        2.0606399225004624E-004   1.6345509762972929E-004   4.5648356530891804E-002   7.7850241847833859E-002
   2.1600000000000001       -1.5986425657894736       0.82932509868421056        1.1483662558116112        1.6301510340631660        2.5765870281661183       -2.9231217105263160E-002  0.70153451865748351        2.0990712237943223E-004   1.7016647792774157E-004   4.6070150316473463E-002   8.0671515462040447E-002
   2.1699999999999999       -1.5868722039473684       0.82110184210526316        1.1870762135974648        1.8196524843923136        2.5399986384662827       -5.7639342105263155E-002  0.68963263312088818        2.1440368616972740E-004   1.8020104569024079E-004   4.6624344249782512E-002   8.5034963496224233E-002
   2.1799999999999997       -1.5754098355263157       0.81311080592105267        1.2188510239421433        1.9840661442549574        2.5045429764597040        4.8474177631578951E-003  0.67804474596525488        2.1825541091333644E-004   1.8859906379000273E-004   4.7027510473709407E-002   8.8589651982093037E-002
   2.1899999999999999       -1.5626538815789475       0.80336042763157900        1.2574127643481798        2.2290832169456869        2.4654444870476975       -7.4605592105263154E-003  0.66445708701685857        2.2269797075126095E-004   2.0036340842770803E-004   4.7547532797333501E-002   9.3685904214599561E-002
   2.2000000000000002       -1.5497926315789474       0.79400180921052632        1.2924409508472567        2.4116782077530918        2.4262924126233552       -1.9357269736842105E-002  0.65116423262746714        2.2680950377820987E-004   2.0888354649309485E-004   4.7986142948117122E-002   9.7225796185876873E-002
   2.2100000000000000       -1.5366501315789474       0.78372236842105258        1.3316278045938184        2.6532036684047635        2.3866991087582239       -5.3769736842105263E-004  0.63712536055715463        2.3126872897870682E-004   2.1959105433629888E-004   4.8487782493027536E-002  0.10174716725808600     
   2.2199999999999998       -1.5235517763157895       0.77329554276315793        1.3637442543609042        2.8840384982543115        2.3474642228618423        7.7747861842105267E-003  0.62299601780941616        2.3510001341800691E-004   2.2946171038024994E-004   4.8847985906184388E-002  0.10584179794116035     
   2.2300000000000000       -1.5096938815789473       0.76231307565789475        1.3945374286730532        3.1162293939907504        2.3062650503700657        7.9386513157894733E-004  0.60826650480571542        2.3881035987911823E-004   2.3905638835667952E-004   4.9174889604901982E-002  0.10977297833060082     
   2.2399999999999998       -1.4958379276315790       0.75110330592105268        1.4206389212614803        3.3319855440751924        2.2653756285978619        6.3788651315789474E-003  0.59331104967619241        2.4211577420610384E-004   2.4774721204298006E-004   4.9411382491041614E-002  0.11325586836250517     
   2.2500000000000000       -1.4813792434210526       0.73829493421052628        1.4520611332284907        3.6154979319106308        2.2231995389597041        1.0349999999999999E-003  0.57685624717310857        2.4587149455280208E-004   2.5864764608565262E-004   4.9732821811766782E-002  0.11771341759631479     
   2.2599999999999998       -1.4661786513157895       0.72493282894736844        1.4763593524113812        3.8940149523491749        2.1791355134662829        6.6596381578947371E-003  0.55990445723684212        2.4902198546818350E-004   2.6902103518305643E-004   4.9925309953680781E-002  0.12189271682630523     
   2.2700000000000000       -1.4518864473684210       0.71261386513157898        1.4965169696227330        4.1065373130520593        2.1380969212582235       -3.2851151315789473E-003  0.54423195710834704        2.5182560885672584E-004   2.7687518119021300E-004   5.0043552847772572E-002  0.12489876014924146     
   2.2799999999999998       -1.4360953289473684       0.69771343750000003        1.5227670035909258        4.4141576833500595        2.0932914812911183       -4.1674835526315790E-003  0.52611763273540291        2.5514366424332798E-004   2.8768986176577998E-004   5.0259139770923340E-002  0.12920807826673628     
   2.2900000000000000       -1.4213808881578947       0.68416069078947372        1.5356648421069108        4.6404589830861527        2.0517813635896380        3.9422697368421055E-003  0.50958620656866771        2.5734569978558416E-004   2.9561837328818616E-004   5.0251138723601409E-002  0.13218917652711903     
   2.2999999999999998       -1.4059542105263159       0.66971161184210526        1.5439992482515859        4.8710487476467570        2.0086125390624998       -2.9049013157894737E-003  0.49227697162828948        2.5916991770620206E-004   3.0353471523348236E-004   5.0168241159007740E-002  0.13513893408655911     
   2.3100000000000001       -1.3901747039473684       0.65459707236842102        1.5515813958703772        5.0977237577195389        1.9649270883018093        1.3780263157894736E-003  0.47449631887335525        2.6093508289936159E-004   3.1119123150969542E-004   5.0073560257293953E-002  0.13794797448741475     
   2.3199999999999998       -1.3756918421052631       0.64036373355263154        1.5521091341398843        5.2865578461342766        1.9251611389802632        1.0694194078947368E-002  0.45797514173005754        2.6210923614839859E-004   3.1758771844406892E-004   4.9866204261288676E-002  0.14017664814083042     
   2.3300000000000001       -1.3597593750000001       0.62392965460526317        1.5477840705590167        5.5159154503189427        1.8817688584498355       -2.1349506578947370E-003  0.43949166311163651        2.6287199426194494E-004   3.2510224858227214E-004   4.9582958264884520E-002  0.14287755474173677     
   2.3399999999999999       -1.3443767434210527       0.60922123355263158        1.5373128720833793        5.6428894932523370        1.8402305093544409       -2.9661019736842106E-003  0.42273004818564969        2.6310566659782552E-004   3.2952768999300428E-004   4.9203777229193765E-002  0.14420357032172496     
   2.3500000000000001       -1.3292319078947368       0.59379621710526320        1.5302440771761048        5.7835148289002163        1.7998682966694080        1.6231842105263159E-002  0.40568480622944081        2.6362186517384859E-004   3.3432054829528958E-004   4.8881627874698221E-002  0.14567840061888362     
   2.3599999999999999       -1.3139328947368420       0.57785029605263161        1.5156531442949885        5.9065142272875466        1.7593945805921052        6.2072368421052629E-005  0.38836164268092105        2.6347846699420528E-004   3.3857496420269616E-004   4.8441889938607124E-002  0.14690710311167834     
   2.3700000000000001       -1.2983933223684210       0.56231544407894740        1.4888394563690919        5.9647142172516228        1.7184918693462170       -7.3300986842105259E-004  0.37141886448910361        2.6224395944199000E-004   3.4095903701918828E-004   4.7808900722568985E-002  0.14731732232390243     
   2.3799999999999999       -1.2845377302631580       0.54758815789473680        1.4664917053112962        6.0334742635536260        1.6824856008429276       -4.8592763157894736E-003  0.35594524671052630        2.6136653179738533E-004   3.4364135540590972E-004   4.7249369493772085E-002  0.14785241509901326     
   2.3899999999999997       -1.2695900000000000       0.53175462171052634        1.4382033150458957        6.0697505129069347        1.6439492413651315        1.7788980263157895E-003  0.33942978913959704        2.5992093237076411E-004   3.4539622229699612E-004   4.6595653918464749E-002  0.14798566177076322     
   2.3999999999999999       -1.2553449342105263       0.51731042763157897        1.4110423856284606        6.0724440898927714        1.6076393575246710        2.6277302631578948E-003  0.32453924187911182        2.5853210602468443E-004   3.4619484426439985E-004   4.5961263293277231E-002  0.14770980021947727     
   2.4100000000000001       -1.2404995065789475       0.50104049342105261        1.3725476480560723        6.0580570616819376        1.5699792367393093        1.2990789473684211E-003  0.30807250385485196        2.5604362669669016E-004   3.4650412865236846E-004   4.5141900748508240E-002  0.14722831026557065     
   2.4199999999999999       -1.2276933223684210       0.48834875000000000        1.3425972136206505        6.0268406989647660        1.5379449028577303       -2.0463815789473685E-004  0.29545698010896382        2.5428541390674279E-004   3.4632652217661607E-004   4.4462171955553687E-002  0.14654477632597307     
   2.4299999999999997       -1.2148041447368421       0.47501187499999997        1.3149052269742323        5.9738223102469146        1.5060787345805922        2.3788815789473686E-003  0.28234092285156248        2.5268921835988595E-004   3.4551149409031207E-004   4.3820176395963230E-002  0.14559825923805744     
   2.4399999999999999       -1.2012767763157894       0.46082325657894735        1.2732913912560000        5.8980185292755802        1.4726778762335526        4.3300328947368421E-003  0.26857356291118423        2.4968183087533134E-004   3.4401802005175889E-004   4.2944469701750088E-002  0.14437477562827913     
   2.4500000000000002       -1.1884672368421052       0.44693004934210528        1.2345782634328961        5.8040825002145660        1.4414018575246710       -6.3258223684210530E-004  0.25529335230777139        2.4686448222525204E-004   3.4196609035595365E-004   4.2113990803608170E-002  0.14292786796918225     
   2.4600000000000000       -1.1765524999999999       0.43441360197368423        1.1994982667793912        5.7006409793986590        1.4126307997532894        3.9317269736842105E-003  0.24349477449115953        2.4432512634231632E-004   3.3959603528591683E-004   4.1342608462973746E-002  0.14136030086698326     
   2.4699999999999998       -1.1645166776315790       0.42299949013157895        1.1661666972958276        5.5841464192144814        1.3838907581208881       -4.5965460526315789E-004  0.23280685636821546        2.4188586102930672E-004   3.3679069782328332E-004   4.0599111884149906E-002  0.13962496946196037     
   2.4800000000000000       -1.1537970394736843       0.41207366776315790        1.1355013130285783        5.4794351135052421        1.3585280273437501       -8.6167763157894738E-005  0.22288673532586348        2.3965070654693565E-004   3.3429274174491227E-004   3.9900221693558481E-002  0.13803055143015733     
   2.4900000000000002       -1.1421382565789473       0.39964133223684212        1.0984370727909925        5.3496970599781664        1.3310829990748356        6.9133223684210530E-004  0.21174735724198190        2.3665743367349139E-004   3.3097674527928899E-004   3.9086016690320344E-002  0.13611252496626181     
   2.5000000000000000       -1.1316266776315789       0.38984536184210528        1.0659932241373553        5.2091230997339606        1.3066041627261513       -3.0298355263157894E-003  0.20284974892064145        2.3407252676609669E-004   3.2725442466821620E-004   3.8350442785357285E-002  0.13404341234410136     
   2.5099999999999998       -1.1214537499999999       0.38018661184210528        1.0359823517889142        5.0719560194204885        1.2831537962582238       -9.2384868421052635E-004  0.19427080360814145        2.3167710228796991E-004   3.2356222466445978E-004   3.7656124941331283E-002  0.13200307492287125     
   2.5200000000000000       -1.1107096381578947       0.36935921052631576        1.0027771433889243        4.9350527576726941        1.2585510408100329       -2.1745394736842104E-003  0.18500565198396382        2.2884212214947854E-004   3.1980067997472417E-004   3.6900720124884420E-002  0.12995075249766569     
   2.5300000000000002       -1.1009855921052631       0.36004432565789474       0.97750498203208969        4.8128038863821114        1.2366103351151316        3.0136513157894739E-004  0.17719595484683387        2.2683664927944445E-004   3.1644085972242061E-004   3.6288760777726740E-002  0.12807724915247379     
   2.5400000000000000       -1.0903417763157894       0.34905379934210529       0.94134433262620731        4.6422034792123510        1.2125685372121711       -4.7491776315789473E-004  0.16789791748046876        2.2348129808813581E-004   3.1139537448922442E-004   3.5471022574594065E-002  0.12553892262872668     
   2.5499999999999998       -1.0813603618421053       0.34060559210526314       0.91931498620177066        4.5133344307099028        1.1926911919202303        1.8016118421052632E-003  0.16096921155427632        2.2172035377423401E-004   3.0764655790593078E-004   3.4916054173750967E-002  0.12354120599830319     
   2.5599999999999996       -1.0729195065789474       0.33377356907894734       0.88895795244088782        4.3802901053256775        1.1739135911800986        1.8702302631578947E-004  0.15520769646895560        2.1888388453812299E-004   3.0367191802392602E-004   3.4200606959081732E-002  0.12146876720957042     
   2.5699999999999998       -1.0637673026315790       0.32520328947368421       0.86416685972224816        4.2300817681214102        1.1538967166940790        1.7550328947368420E-003  0.14822323473478619        2.1665321573044878E-004   2.9900204276817185E-004   3.3589137293218607E-002  0.11913544427805758     
   2.5800000000000001       -1.0552350657894738       0.31842246710526317       0.84416589681143528        4.1147042472622317        1.1354706763980262       -7.3934210526315793E-004  0.14286137129934209        2.1496453722862771E-004   2.9546930998146939E-004   3.3069479917389996E-002  0.11727154008566847     
   2.5899999999999999       -1.0472546052631579       0.31061327302631581       0.81538131902469801        3.9790066258096606        1.1181080653782896        1.3951151315789473E-003  0.13673696147717929        2.1208666120193107E-004   2.9111891618757582E-004   3.2375298679324614E-002  0.11509875296373655     
   2.5999999999999996       -1.0390348684210526       0.30429814144736844       0.79568826912422741        3.8465804047003758        1.1006046011513158        1.4690625000000001E-003  0.13166419112356084        2.1031877237615747E-004   2.8678556902414292E-004   3.1858938300767060E-002  0.11294939333873938     
   2.6099999999999999       -1.0316656578947367       0.29869171052631577       0.78014728157478219        3.7540078730342503        1.0850935659950658        1.0678618421052632E-003  0.12749002133018092        2.0905570305636541E-004   2.8385794591492602E-004   3.1425410655997153E-002  0.11136802169229282     
   2.6200000000000001       -1.0232670065789473       0.29131481907894735       0.75883359003443940        3.6092133304307126        1.0674227780633223       -6.8766447368421048E-005  0.12180236649362665        2.0697017995370524E-004   2.7886251160035204E-004   3.0874870967978869E-002  0.10899053888502308     
   2.6299999999999999       -1.0161254934210526       0.28549738486842108       0.74261423088694645        3.5082267652938848        1.0525758167146382       -1.5333881578947369E-004  0.11755030517578124        2.0552781005043482E-004   2.7545769914653488E-004   3.0426994389342810E-002  0.10725045016199686     
   2.6399999999999997       -1.0086212828947367       0.27991268092105265       0.72419793262163989        3.4010824459497764        1.0370331810238487        1.0649506578947368E-003  0.11342477166426809        2.0373506385357247E-004   2.7173385866498538E-004   2.9933526369670893E-002  0.10539979972460041     
   2.6499999999999999       -1.0014806249999999       0.27471853618421055       0.70582934098369299        3.2890121854970720        1.0223254990748356       -6.4399671052631582E-004  0.10951668932462993        2.0189656979148742E-004   2.6772497750857582E-004   2.9439955495405214E-002  0.10345297244104967     
   2.6600000000000001      -0.99445154605263153       0.26885830592105264       0.69109815199138147        3.1868434619992239        1.0080351824629934        4.0725328947368423E-004  0.10539808401007401        2.0053247547217512E-004   2.6403068142023388E-004   2.9021603098466180E-002  0.10164188638132311     
   2.6699999999999999      -0.98815470394736837       0.26462521381578946       0.67575653591182394        3.0983393939439710       0.99526769068667764       -3.9442434210526316E-004  0.10234121543482730        1.9903965092078044E-004   2.6082747533581014E-004   2.8590189586455018E-002  0.10003270964189873     
   2.6799999999999997      -0.98078858552631576       0.25929860197368421       0.66223018796142463        2.9979488606734770       0.98052594520970393        3.4261513157894739E-004   9.8620542120682567E-002   1.9777550117556985E-004   2.5704710661943273E-004   2.8196997271633932E-002   9.8215013872499687E-002
   2.6899999999999999      -0.97418924342105262       0.25461008223684212       0.64770375918705958        2.9174555218659179       0.96735268657483553        2.4835526315789475E-006   9.5482369577508219E-002   1.9632413894294764E-004   2.5404548121964182E-004   2.7782357661941984E-002   9.6707276122272576E-002
   2.7000000000000002      -0.96812516447368424       0.25054907894736844       0.63520268211586350        2.8322517994907148       0.95535472296463819       -4.4717105263157895E-004   9.2646246659128295E-002   1.9514307235807119E-004   2.5077314427587269E-004   2.7411043360036334E-002   9.5108036940182827E-002
   2.7100000000000000      -0.96175519736842108       0.24675090460526317       0.62183043308384467        2.7467860646925555       0.94281206311677634       -1.7363980263157895E-003   8.9963314530222036E-002   1.9379318032434104E-004   2.4741742102092352E-004   2.7020903398935911E-002   9.3489091928201359E-002
   2.7199999999999998      -0.95555559210526320       0.24224559210526317       0.61316820683771278        2.6551445885351144       0.93080705078125003       -1.5519736842105263E-004   8.6893838147615129E-002   1.9314876283435493E-004   2.4370349220306561E-004   2.6733392779841516E-002   9.1747197064683539E-002
   2.7300000000000000      -0.94951697368421051       0.23806356907894738       0.59770838874202148        2.5789254775292219       0.91898350226151315       -1.5070723684210526E-004   8.4176085397820719E-002   1.9139938374806723E-004   2.4062122440056988E-004   2.6297544440153611E-002   9.0254994060873103E-002
   2.7400000000000002      -0.94357286184210531       0.23444794407894737       0.58918583468936059        2.5083963646646326       0.90760854081003295        9.6442434210526314E-004   8.1813518323396381E-002   1.9072601017735641E-004   2.3774236316497229E-004   2.6014096971284158E-002   8.8849700686471383E-002
   2.7500000000000000      -0.93783144736842106       0.23104419407894736       0.57923671616396877        2.4412503704314030       0.89663906455592102        5.4087171052631580E-004   7.9605788831208876E-002   1.8979901215856012E-004   2.3496637705097337E-004   2.5699727398395447E-002   8.7492934581889725E-002
   2.7599999999999998      -0.93212726973684212       0.22723011513157895       0.56820318566243710        2.3683437774930489       0.88576884303042758        1.2077302631578948E-004   7.7167231573807560E-002   1.8866621064374310E-004   2.3185161475708385E-004   2.5361557406426299E-002   8.6020309243207929E-002
   2.7700000000000000      -0.92654371710526318       0.22425851973684210       0.55899911776988831        2.3065717092331766       0.87523772974917768       -8.1861842105263158E-004   7.5249710372121706E-002   1.8780992654635387E-004   2.2922214781189704E-004   2.5064495143096659E-002   8.4737718180282515E-002
   2.7800000000000002      -0.92078391447368424       0.22076587171052631       0.54937501236361264        2.2422564057119261       0.86442813373766447       -4.7435855263157893E-004   7.3087073267886507E-002   1.8685832845787278E-004   2.2641137760037798E-004   2.4758414204862803E-002   8.3397572180858637E-002
   2.7900000000000000      -0.91569546052631579       0.21762154605263159       0.53975350462561311        2.1855448244099920       0.85491026726973685       -5.4207236842105267E-004   7.1178160978618427E-002   1.8588106464100722E-004   2.2393149174306708E-004   2.4452693335439084E-002   8.2188475822545043E-002
   2.7999999999999998      -0.90987240131578950       0.21460115131578947       0.53155624400612411        2.1210227675479820       0.84414669664884867       -2.1608552631578948E-004   6.9252340666118420E-002   1.8512533434455780E-004   2.2099624440750858E-004   2.4179635506227960E-002   8.0821483669031718E-002
   2.8099999999999996      -0.90483911184210530       0.21182034539473685       0.52413670036548654        2.0736963765802532       0.83490036441200655       -2.6738486842105264E-004   6.7629916606702298E-002   1.8448532158296956E-004   2.1890665101846342E-004   2.3924845088203146E-002   7.9772388129148247E-002
   2.8199999999999998      -0.89958141447368423       0.20906659539473685       0.51605794781494740        2.0197224989440046       0.82527757761101972        7.2041118421052629E-004   6.5957346962376651E-002   1.8370947512764342E-004   2.1642310243657857E-004   2.3655563418679502E-002   7.8587679750020026E-002
   2.8300000000000001      -0.89439361842105258       0.20617116776315789       0.50637135997988914        1.9662441072636621       0.81578165398848679       -9.4320723684210522E-004   6.4242764571340455E-002   1.8262247118424010E-004   2.1391692511723608E-004   2.3349699770587953E-002   7.7403155943480476E-002
   2.8399999999999999      -0.88916697368421049       0.20360332236842105       0.49945509265244187        1.9200366411102774       0.80635386410361842       -3.4542763157894738E-004   6.2754719366776318E-002   1.8201189673599272E-004   2.1176156645135306E-004   2.3108036879792768E-002   7.6353466213445617E-002
   2.8499999999999996      -0.88416717105263154       0.20108955592105263       0.49249737674668370        1.8684014804144196       0.79737779708059209       -4.1863486842105266E-004   6.1237572856702303E-002   1.8137608914180537E-004   2.0926217932826027E-004   2.2866003728065094E-002   7.5187533906013529E-002
   2.8599999999999999      -0.87922615131578952       0.19884564144736841       0.48413308547807271        1.8260763780382536       0.78850743369654608       -6.1600328947368423E-004   5.9940286158511512E-002   1.8046028015500270E-004   2.0724100912957466E-004   2.2591731487936181E-002   7.4200976695344215E-002
   2.8700000000000001      -0.87466059210526315       0.19630353618421054       0.47992902080748834        1.7871940616940696       0.78047305509868425       -6.6018092105263153E-004   5.8571199244449014E-002   1.8030327501917831E-004   2.0538088326979402E-004   2.2415053432679598E-002   7.3278754170128593E-002
   2.8799999999999999      -0.87008782894736847       0.19473442434210525       0.47293300285971707        1.7491433930005149       0.77237585937499997       -4.6580592105263159E-004   5.7599359195106906E-002   1.7960793144281817E-004   2.0353643497059316E-004   2.2173818696644219E-002   7.2368510211766462E-002
   2.8899999999999997      -0.86529351973684210       0.19180062500000000       0.46565497897309110        1.7027242486632677       0.76392505088404605        7.8213815789473682E-004   5.6009640213815791E-002   1.7883939037126231E-004   2.0116586747952504E-004   2.1926406022458142E-002   7.1278148200357674E-002
   2.8999999999999999      -0.86072638157894732       0.19014200657894736       0.45956331564375991        1.6651719067734263       0.75594727693256580        1.5065789473684210E-004   5.5017258172286185E-002   1.7828051808775497E-004   1.9927909815351785E-004   2.1707401964549476E-002   7.0366136727311138E-002
   2.9100000000000001      -0.85662684210526319       0.18809842105263158       0.45400789130908370        1.6307284665196904       0.74882745374177628       -3.0417763157894738E-004   5.3917812243009872E-002   1.7781070435210367E-004   1.9754704298106230E-004   2.1501654592713138E-002   6.9514835743164180E-002
   2.9199999999999999      -0.85207217105263156       0.18634496710526316       0.44726568444431281        1.5939654998701285       0.74092372738486845       -2.1845394736842106E-004   5.2905615748355263E-002   1.7709196363545064E-004   1.9564290231732030E-004   2.1268316143120365E-002   6.8609017798950678E-002
   2.9299999999999997      -0.84759167763157894       0.18386337171052630       0.44099341021113958        1.5583479909700735       0.73320026264391447       -1.1424177631578947E-003   5.1641519197162832E-002   1.7644805798158779E-004   1.9377566921517463E-004   2.1046583113739935E-002   6.7722281664279474E-002
   2.9399999999999999      -0.84299549342105262       0.18229021381578947       0.43656412971943798        1.5232084910343295       0.72538158048930923       -1.4695723684210525E-004   5.0722819567228621E-002   1.7615889096348402E-004   1.9190511643557703E-004   2.0869395199524233E-002   6.6840421506813227E-002
   2.9500000000000002      -0.83868921052631584       0.18001440789473686       0.42999858011622866        1.4873516314057931       0.71801702405427636       -3.4200657894736840E-004   4.9544590614720392E-002   1.7542389083541199E-004   1.8995513910853402E-004   2.0641662075893349E-002   6.5936970321064006E-002
   2.9600000000000000      -0.83443335526315787       0.17849087171052633       0.42510383489462478        1.4580349087785192       0.71082820312499995        7.9376644736842107E-004   4.8717519916735195E-002   1.7501385658987139E-004   1.8839224831941872E-004   2.0454504787713240E-002   6.5173534553744861E-002
   2.9699999999999998      -0.83011680921052633       0.17652636513157896       0.41826896487874293        1.4230067034190239       0.70350606034128293        3.0656249999999998E-004   4.7670658794202306E-002   1.7418769916940682E-004   1.8642961820051283E-004   2.0221088998795204E-002   6.4277417184284563E-002
   2.9800000000000000      -0.82586825657894736       0.17490093749999999       0.41442802291276459        1.3972582239972624       0.69643449681332237        9.0143092105263156E-004   4.6855296952097038E-002   1.7396986786024228E-004   1.8504599151629493E-004   2.0060486542147662E-002   6.3586273594861076E-002
   2.9900000000000002      -0.82167944078947364       0.17327379934210527       0.40947726643867199        1.3681218056678075       0.68945697728207234       -6.0715460526315789E-004   4.6003044690583882E-002   1.7350791801116412E-004   1.8341345386074556E-004   1.9873615288803485E-002   6.2814507275385761E-002
   3.0000000000000000      -0.81778444078947365       0.17168782894736842       0.40500551912560923        1.3424422517451526       0.68300986687911180        3.1690789473684213E-004   4.5208455746299343E-002   1.7313502659855855E-004   1.8198753651736706E-004   1.9698918581880439E-002   6.2118412464594625E-002
   3.0099999999999998      -0.81373680921052627       0.17028768092105262       0.39965846231323782        1.3157742678587305       0.67631191354851972       -2.9531250000000000E-004   4.4468521407277958E-002   1.7256162215517021E-004   1.8047088777509813E-004   1.9503438271861715E-002   6.1396076106877244E-002
   3.0200000000000000      -0.80970888157894738       0.16836871710526316       0.39604471281450870        1.2860081367723026       0.66973818462171053       -7.1746710526315784E-004   4.3518902138157893E-002   1.7235038798839045E-004   1.7871398636684234E-004   1.9350773792828367E-002   6.0597060278028657E-002
   3.0300000000000002      -0.80559539473684205       0.16694404605263158       0.38987856216849753        1.2659210563066472       0.66296611225328950       -8.4375000000000004E-005   4.2853677014802631E-002   1.7156967117628669E-004   1.7760608395446639E-004   1.9136178728067787E-002   6.0022650154908770E-002
   3.0400000000000000      -0.80209009868421055       0.16551814144736843       0.38571431043583421        1.2360901893039935       0.65727281301398022        1.6916118421052631E-004   4.2074826146175984E-002   1.7121415710484751E-004   1.7579037155828484E-004   1.8971097740149309E-002   5.9213598840685416E-002
   3.0499999999999998      -0.79820585526315790       0.16441161184210526       0.38109925176447829        1.2182969314954819       0.65098093030427628        1.0214144736842106E-003   4.1546043893914475E-002   1.7074661391656504E-004   1.7480735733881389E-004   1.8795434845532130E-002   5.8689420955719815E-002
   3.0600000000000001      -0.79417325657894733       0.16279215460526317       0.37628050802107121        1.1922690051878178       0.64447420898437502       -3.8146381578947370E-004   4.0752626053659542E-002   1.7021996616863576E-004   1.7321322699363553E-004   1.8615195582541225E-002   5.7964164850157769E-002
   3.0699999999999998      -0.79062865131578952       0.16150968750000000       0.37217912369391065        1.1703203995975484       0.63879581671463814        8.9161184210526318E-005   4.0120080823396381E-002   1.6984297660339911E-004   1.7189165294359562E-004   1.8453162160010261E-002   5.7334544825485965E-002
   3.0800000000000001      -0.78677736842105261       0.16014435855263157       0.36833492399488316        1.1495634067361367       0.63266773848684210       -9.6546052631578946E-006   3.9476900313527963E-002   1.6951392445388878E-004   1.7063771864943113E-004   1.8298011747426013E-002   5.6731501265265410E-002
   3.0899999999999999      -0.78309309210526312       0.15858894736842105       0.36494084548038913        1.1280663751969089       0.62684608655427632        1.1917763157894737E-004   3.8766567896792760E-002   1.6927893922718924E-004   1.6930889658204422E-004   1.8154568319209245E-002   5.6107543721687150E-002
   3.0999999999999996      -0.77947615131578951       0.15761500000000001       0.36093826460130629        1.1095190963259765       0.62113235454358551       -3.4134868421052634E-004   3.8278071032072369E-002   1.6889289083857396E-004   1.6818275027057146E-004   1.7996495340135255E-002   5.5554560089375871E-002
   3.1099999999999999      -0.77596684210526312       0.15634146381578948       0.35799481967555696        1.0947728665523380       0.61565017166940794        5.3050986842105260E-004   3.7742433054070726E-002   1.6874541161851557E-004   1.6733061975437424E-004   1.7865334466905840E-002   5.5095355186006181E-002
   3.1200000000000001      -0.77243391447368426       0.15518026315789474       0.35329634598876591        1.0717998514720504       0.61008824578536180        1.8749999999999998E-005   3.7143474763569079E-002   1.6817342900597289E-004   1.6583162475243638E-004   1.7690827508846589E-002   5.4426789662338090E-002
   3.1299999999999999      -0.76879539473684211       0.15434473684210526       0.34962853435830221        1.0566653740585703       0.60442634251644733       -1.1973684210526315E-005   3.6741683028371712E-002   1.6783440176724646E-004   1.6492030124634516E-004   1.7542531556886402E-002   5.3954756701679693E-002
   3.1399999999999997      -0.76515039473684210       0.15279195723684211       0.34604229905367412        1.0347665374181547       0.59878262129934212       -1.6139802631578946E-004   3.6037440506784542E-002   1.6750487649395948E-004   1.6346290942898493E-004   1.7396749719036729E-002   5.3307649444356876E-002
   3.1499999999999999      -0.76191233552631576       0.15174672697368422       0.34343805397020988        1.0220717843424132       0.59382198550575660       -2.4810855263157893E-004   3.5603343056126648E-002   1.6740482592925157E-004   1.6271559889574711E-004   1.7276144293429441E-002   5.2895483577538108E-002
   3.1600000000000001      -0.75826526315789478       0.15082429276315790       0.33852649344984659        1.0027220434471540       0.58817085834703953        1.1376644736842106E-004   3.5125317511307569E-002   1.6673110425648069E-004   1.6142360242086043E-004   1.7097886031749339E-002   5.2309420531316798E-002
   3.1699999999999999      -0.75543799342105267       0.14987276315789475       0.33579850006528900       0.98836340288333269       0.58386783357319083        4.4756578947368421E-004   3.4700563836348682E-002   1.6658344941588118E-004   1.6051705074058426E-004   1.6975136801228228E-002   5.1851564655633529E-002
   3.1799999999999997      -0.75180095394736846       0.14838029605263159       0.33143124663817308       0.96998602008562851       0.57829672645970398        4.3296052631578948E-004   3.4065757349917763E-002   1.6601871868798855E-004   1.5926836070806415E-004   1.6811357139403141E-002   5.1286415523603052E-002
   3.1899999999999999      -0.74851720394736843       0.14774934210526317       0.32898172705174555       0.95770677854965736       0.57335515676398030        4.1796052631578950E-004   3.3763792403371712E-002   1.6592421960067393E-004   1.5850568185621095E-004   1.6696612736813721E-002   5.0880820758858941E-002
   3.2000000000000002      -0.74493809210526318       0.14655136513157896       0.32436001828893274       0.93982727256472853       0.56790716180098688       -4.5715460526315788E-004   3.3225143528988484E-002   1.6527107386324482E-004   1.5726505220944742E-004   1.6527107386324479E-002   5.0324816707023171E-002
   3.2100000000000000      -0.74201039473684216       0.14568337171052631       0.32401120062296151       0.92789598462213407       0.56362100328947373        1.4458881578947367E-004   3.2858590537623356E-002   1.6569837779563230E-004   1.5650758007320438E-004   1.6466759723093475E-002   4.9926405605906943E-002
   3.2199999999999998      -0.73898180921052636       0.14486731907894737       0.32044006856094437       0.91515124465578279       0.55907243780838811        1.3152960526315789E-004   3.2497426886307565E-002   1.6529605633736392E-004   1.5567095357760238E-004   1.6324906609453790E-002   4.9505297038343124E-002
   3.2300000000000000      -0.73521601973684214       0.14373542763157895       0.31650725424651743       0.89377559421721542       0.55344137900904600        4.4407894736842108E-005   3.1936807411595394E-002   1.6478875364897230E-004   1.5408086909605222E-004   1.6174187784465263E-002   4.8847928778438847E-002
   3.2400000000000002      -0.73267878289473687       0.14272764802631580       0.31224710024142971       0.88335700950119245       0.54962228155838810        1.8327302631578946E-004   3.1551168662623356E-002   1.6418271371458227E-004   1.5341712764808352E-004   1.6015384358685054E-002   4.8487388491246147E-002
   3.2500000000000000      -0.72933960526315789       0.14181613486842104       0.30972074646623315       0.86769742219814650       0.54471526521381575        2.4643092105263158E-004   3.1127506039268091E-002   1.6402185610715246E-004   1.5228567289455423E-004   1.5901385150648439E-002   4.7981701244314931E-002
   3.2599999999999998      -0.72606687500000000       0.14091136513157895       0.30761062153409890       0.85499046258856171       0.53994327354029603        5.3643092105263158E-004   3.0743781995271380E-002   1.6396512188832579E-004   1.5139887486216293E-004   1.5798513757917649E-002   4.7555965600875723E-002
   3.2700000000000000      -0.72311391447368423       0.13997018092105262       0.30395670172814215       0.84608355464414597       0.53558974352384869       -5.7886513157894741E-004   3.0399046952097039E-002   1.6348835605338962E-004   1.5083902472171998E-004   1.5656377278256691E-002   4.7235217527535553E-002
   3.2800000000000002      -0.71995549342105258       0.13945740131578949       0.30102262352265319       0.83393533734840497       0.53098638826069078       -3.0378289473684212E-004   3.0133163291529604E-002   1.6319491577180758E-004   1.4998102693885855E-004   1.5533127021706847E-002   4.6823344995546079E-002
   3.2900000000000000      -0.71725819078947373       0.13843083881578946       0.29826932344285606       0.82064261572832564       0.52707062859786180       -1.3531249999999999E-004   2.9709637001439144E-002   1.6294213595644268E-004   1.4900752270798496E-004   1.5414930314704900E-002   4.6378025304856109E-002
   3.2999999999999998      -0.71442717105263154       0.13787773026315789       0.29590095771627406       0.80861633179811998       0.52299353207236843        1.7203947368421053E-004   2.9433838404605263E-002   1.6278723171255389E-004   1.4813628079778530E-004   1.5307082210620312E-002   4.5967136829373381E-002
   3.3100000000000001      -0.71103062500000003       0.13684399671052633       0.29365382523314371       0.79644987199402029       0.51813213044819084        1.4037828947368420E-004   2.9024127390008224E-002   1.6265935189384805E-004   1.4724021157205868E-004   1.5202779852255856E-002   4.5551050347368005E-002
   3.3199999999999998      -0.70844851973684209       0.13607562500000001       0.29027612865543839       0.78413890222098925       0.51439750668174344       -1.6424342105263157E-004   2.8685877107319079E-002   1.6220975091996566E-004   1.4631833635624723E-004   1.5069566060208742E-002   4.5129510972529270E-002
   3.3300000000000001      -0.70516569078947366       0.13508120065789472       0.28633641591558007       0.77584185797357641       0.50966160413240136        1.4074013157894737E-004   2.8338936189350329E-002   1.6159046783901951E-004   1.4576119921347859E-004   1.4922006607251934E-002   4.4822663061442065E-002
   3.3399999999999999      -0.70297677631578948       0.13473034539473686       0.28477834656869377       0.76587618493570320       0.50658600945723686        3.6200657894736843E-005   2.8144556820518092E-002   1.6163416404042506E-004   1.4503931118898332E-004   1.4836798018698704E-002   4.4467142113029622E-002
   3.3499999999999996      -0.69966789473684210       0.13387577302631579       0.28215688656689358       0.75527066586164071       0.50190432565789478        7.4884868421052635E-005   2.7806147332442434E-002   1.6137020355241357E-004   1.4424704487750256E-004   1.4724267180901895E-002   4.4092231031212729E-002
   3.3599999999999999      -0.69697503289473683       0.13313498355263159       0.27993475051092603       0.74319595536025485       0.49811931897615130        1.9720394736842105E-005   2.7479370759662829E-002   1.6121331078341897E-004   1.4330274845201601E-004   1.4622522520038005E-002   4.3673218575852497E-002
   3.3700000000000001      -0.69398700657894741       0.13238368421052632       0.27635019600333577       0.73438160773354599       0.49387765881990131       -5.9335526315789473E-004   2.7192885228207238E-002   1.6065453959869947E-004   1.4266224656826702E-004   1.4485488870120213E-002   4.3349003111544639E-002
   3.3799999999999999      -0.69159124999999999       0.13137628289473685       0.27428315839044487       0.72356075882894300       0.49053877158717107        1.2960526315789473E-004   2.6812990851151314E-002   1.6052751533686865E-004   1.4181725189325346E-004   1.4388517182955212E-002   4.2964753236299273E-002
   3.3899999999999997      -0.68861075657894733       0.13090406250000000       0.27223425059144213       0.71686943466426023       0.48640564607319081        7.1217105263157893E-006   2.6628793045847039E-002   1.6039997372988755E-004   1.4136864438200783E-004   1.4292389824262310E-002   4.2702504969668445E-002
   3.3999999999999999      -0.68600171052631576       0.12985236842105263       0.27047803654056068       0.70381060044451671       0.48281212068256579        1.5072368421052630E-004   2.6209122121710525E-002   1.6035338499395765E-004   1.4028155550556353E-004   1.4204313688046078E-002   4.2249503775793250E-002


