    0.10000E-01    0.38803E-01
    0.20000E-01    0.38803E-01
    0.30000E-01    0.38802E-01
    0.40000E-01    0.38801E-01
    0.50000E-01    0.38800E-01
    0.60000E-01    0.38799E-01
    0.70000E-01    0.38798E-01
    0.80000E-01    0.38796E-01
    0.90000E-01    0.38794E-01
    0.10000E+00    0.38792E-01
    0.11000E+00    0.38789E-01
    0.12000E+00    0.38787E-01
    0.13000E+00    0.38784E-01
    0.14000E+00    0.38781E-01
    0.15000E+00    0.38777E-01
    0.16000E+00    0.38774E-01
    0.17000E+00    0.38770E-01
    0.18000E+00    0.38766E-01
    0.19000E+00    0.38761E-01
    0.20000E+00    0.38757E-01
    0.21000E+00    0.38752E-01
    0.22000E+00    0.38747E-01
    0.23000E+00    0.38742E-01
    0.24000E+00    0.38736E-01
    0.25000E+00    0.38731E-01
    0.26000E+00    0.38725E-01
    0.27000E+00    0.38719E-01
    0.28000E+00    0.38712E-01
    0.29000E+00    0.38706E-01
    0.30000E+00    0.38699E-01
    0.31000E+00    0.38692E-01
    0.32000E+00    0.38685E-01
    0.33000E+00    0.38677E-01
    0.34000E+00    0.38669E-01
    0.35000E+00    0.38661E-01
    0.36000E+00    0.38653E-01
    0.37000E+00    0.38645E-01
    0.38000E+00    0.38636E-01
    0.39000E+00    0.38627E-01
    0.40000E+00    0.38618E-01
    0.41000E+00    0.38608E-01
    0.42000E+00    0.38599E-01
    0.43000E+00    0.38589E-01
    0.44000E+00    0.38579E-01
    0.45000E+00    0.38569E-01
    0.46000E+00    0.38558E-01
    0.47000E+00    0.38547E-01
    0.48000E+00    0.38536E-01
    0.49000E+00    0.38525E-01
    0.50000E+00    0.38513E-01
    0.51000E+00    0.38502E-01
    0.52000E+00    0.38490E-01
    0.53000E+00    0.38478E-01
    0.54000E+00    0.38465E-01
    0.55000E+00    0.38453E-01
    0.56000E+00    0.38440E-01
    0.57000E+00    0.38427E-01
    0.58000E+00    0.38413E-01
    0.59000E+00    0.38400E-01
    0.60000E+00    0.38386E-01
    0.61000E+00    0.38372E-01
    0.62000E+00    0.38358E-01
    0.63000E+00    0.38343E-01
    0.64000E+00    0.38329E-01
    0.65000E+00    0.38314E-01
    0.66000E+00    0.38298E-01
    0.67000E+00    0.38283E-01
    0.68000E+00    0.38267E-01
    0.69000E+00    0.38251E-01
    0.70000E+00    0.38235E-01
    0.71000E+00    0.38219E-01
    0.72000E+00    0.38202E-01
    0.73000E+00    0.38186E-01
    0.74000E+00    0.38169E-01
    0.75000E+00    0.38151E-01
    0.76000E+00    0.38134E-01
    0.77000E+00    0.38116E-01
    0.78000E+00    0.38098E-01
    0.79000E+00    0.38080E-01
    0.80000E+00    0.38061E-01
    0.81000E+00    0.38043E-01
    0.82000E+00    0.38024E-01
    0.83000E+00    0.38005E-01
    0.84000E+00    0.37985E-01
    0.85000E+00    0.37966E-01
    0.86000E+00    0.37946E-01
    0.87000E+00    0.37926E-01
    0.88000E+00    0.37906E-01
    0.89000E+00    0.37885E-01
    0.90000E+00    0.37864E-01
    0.91000E+00    0.37843E-01
    0.92000E+00    0.37822E-01
    0.93000E+00    0.37801E-01
    0.94000E+00    0.37779E-01
    0.95000E+00    0.37757E-01
    0.96000E+00    0.37735E-01
    0.97000E+00    0.37713E-01
    0.98000E+00    0.37690E-01
    0.99000E+00    0.37667E-01
    0.10000E+01    0.37644E-01
    0.10100E+01    0.37621E-01
    0.10200E+01    0.37597E-01
    0.10300E+01    0.37574E-01
    0.10400E+01    0.37550E-01
    0.10500E+01    0.37525E-01
    0.10600E+01    0.37501E-01
    0.10700E+01    0.37476E-01
    0.10800E+01    0.37451E-01
    0.10900E+01    0.37426E-01
    0.11000E+01    0.37401E-01
    0.11100E+01    0.37375E-01
    0.11200E+01    0.37349E-01
    0.11300E+01    0.37323E-01
    0.11400E+01    0.37297E-01
    0.11500E+01    0.37270E-01
    0.11600E+01    0.37243E-01
    0.11700E+01    0.37216E-01
    0.11800E+01    0.37189E-01
    0.11900E+01    0.37162E-01
    0.12000E+01    0.37134E-01
    0.12100E+01    0.37106E-01
    0.12200E+01    0.37078E-01
    0.12300E+01    0.37050E-01
    0.12400E+01    0.37021E-01
    0.12500E+01    0.36992E-01
    0.12600E+01    0.36963E-01
    0.12700E+01    0.36934E-01
    0.12800E+01    0.36904E-01
    0.12900E+01    0.36874E-01
    0.13000E+01    0.36844E-01
    0.13100E+01    0.36814E-01
    0.13200E+01    0.36783E-01
    0.13300E+01    0.36753E-01
    0.13400E+01    0.36722E-01
    0.13500E+01    0.36691E-01
    0.13600E+01    0.36659E-01
    0.13700E+01    0.36627E-01
    0.13800E+01    0.36596E-01
    0.13900E+01    0.36563E-01
    0.14000E+01    0.36531E-01
    0.14100E+01    0.36499E-01
    0.14200E+01    0.36466E-01
    0.14300E+01    0.36433E-01
    0.14400E+01    0.36399E-01
    0.14500E+01    0.36366E-01
    0.14600E+01    0.36332E-01
    0.14700E+01    0.36298E-01
    0.14800E+01    0.36264E-01
    0.14900E+01    0.36229E-01
    0.15000E+01    0.36195E-01
    0.15100E+01    0.36160E-01
    0.15200E+01    0.36125E-01
    0.15300E+01    0.36089E-01
    0.15400E+01    0.36054E-01
    0.15500E+01    0.36018E-01
    0.15600E+01    0.35982E-01
    0.15700E+01    0.35946E-01
    0.15800E+01    0.35909E-01
    0.15900E+01    0.35872E-01
    0.16000E+01    0.35835E-01
    0.16100E+01    0.35798E-01
    0.16200E+01    0.35761E-01
    0.16300E+01    0.35723E-01
    0.16400E+01    0.35685E-01
    0.16500E+01    0.35647E-01
    0.16600E+01    0.35608E-01
    0.16700E+01    0.35570E-01
    0.16800E+01    0.35531E-01
    0.16900E+01    0.35492E-01
    0.17000E+01    0.35452E-01
    0.17100E+01    0.35413E-01
    0.17200E+01    0.35373E-01
    0.17300E+01    0.35333E-01
    0.17400E+01    0.35293E-01
    0.17500E+01    0.35252E-01
    0.17600E+01    0.35212E-01
    0.17700E+01    0.35171E-01
    0.17800E+01    0.35130E-01
    0.17900E+01    0.35088E-01
    0.18000E+01    0.35046E-01
    0.18100E+01    0.35005E-01
    0.18200E+01    0.34962E-01
    0.18300E+01    0.34920E-01
    0.18400E+01    0.34878E-01
    0.18500E+01    0.34835E-01
    0.18600E+01    0.34792E-01
    0.18700E+01    0.34748E-01
    0.18800E+01    0.34705E-01
    0.18900E+01    0.34661E-01
    0.19000E+01    0.34617E-01
    0.19100E+01    0.34573E-01
    0.19200E+01    0.34529E-01
    0.19300E+01    0.34484E-01
    0.19400E+01    0.34439E-01
    0.19500E+01    0.34394E-01
    0.19600E+01    0.34348E-01
    0.19700E+01    0.34303E-01
    0.19800E+01    0.34257E-01
    0.19900E+01    0.34211E-01
    0.20000E+01    0.34165E-01
    0.20100E+01    0.34118E-01
    0.20200E+01    0.34071E-01
    0.20300E+01    0.34024E-01
    0.20400E+01    0.33977E-01
    0.20500E+01    0.33930E-01
    0.20600E+01    0.33882E-01
    0.20700E+01    0.33834E-01
    0.20800E+01    0.33786E-01
    0.20900E+01    0.33737E-01
    0.21000E+01    0.33689E-01
    0.21100E+01    0.33640E-01
    0.21200E+01    0.33591E-01
    0.21300E+01    0.33541E-01
    0.21400E+01    0.33492E-01
    0.21500E+01    0.33442E-01
    0.21600E+01    0.33392E-01
    0.21700E+01    0.33342E-01
    0.21800E+01    0.33291E-01
    0.21900E+01    0.33241E-01
    0.22000E+01    0.33190E-01
    0.22100E+01    0.33138E-01
    0.22200E+01    0.33087E-01
    0.22300E+01    0.33035E-01
    0.22400E+01    0.32983E-01
    0.22500E+01    0.32931E-01
    0.22600E+01    0.32879E-01
    0.22700E+01    0.32826E-01
    0.22800E+01    0.32773E-01
    0.22900E+01    0.32720E-01
    0.23000E+01    0.32667E-01
    0.23100E+01    0.32614E-01
    0.23200E+01    0.32560E-01
    0.23300E+01    0.32506E-01
    0.23400E+01    0.32451E-01
    0.23500E+01    0.32397E-01
    0.23600E+01    0.32342E-01
    0.23700E+01    0.32287E-01
    0.23800E+01    0.32232E-01
    0.23900E+01    0.32177E-01
    0.24000E+01    0.32121E-01
    0.24100E+01    0.32065E-01
    0.24200E+01    0.32009E-01
    0.24300E+01    0.31953E-01
    0.24400E+01    0.31896E-01
    0.24500E+01    0.31839E-01
    0.24600E+01    0.31782E-01
    0.24700E+01    0.31725E-01
    0.24800E+01    0.31668E-01
    0.24900E+01    0.31610E-01
    0.25000E+01    0.31552E-01
    0.25100E+01    0.31494E-01
    0.25200E+01    0.31435E-01
    0.25300E+01    0.31377E-01
    0.25400E+01    0.31318E-01
    0.25500E+01    0.31258E-01
    0.25600E+01    0.31199E-01
    0.25700E+01    0.31139E-01
    0.25800E+01    0.31080E-01
    0.25900E+01    0.31020E-01
    0.26000E+01    0.30959E-01
    0.26100E+01    0.30899E-01
    0.26200E+01    0.30838E-01
    0.26300E+01    0.30777E-01
    0.26400E+01    0.30716E-01
    0.26500E+01    0.30654E-01
    0.26600E+01    0.30592E-01
    0.26700E+01    0.30530E-01
    0.26800E+01    0.30468E-01
    0.26900E+01    0.30406E-01
    0.27000E+01    0.30343E-01
    0.27100E+01    0.30280E-01
    0.27200E+01    0.30217E-01
    0.27300E+01    0.30154E-01
    0.27400E+01    0.30090E-01
    0.27500E+01    0.30026E-01
    0.27600E+01    0.29962E-01
    0.27700E+01    0.29898E-01
    0.27800E+01    0.29833E-01
    0.27900E+01    0.29768E-01
    0.28000E+01    0.29703E-01
    0.28100E+01    0.29638E-01
    0.28200E+01    0.29573E-01
    0.28300E+01    0.29507E-01
    0.28400E+01    0.29441E-01
    0.28500E+01    0.29375E-01
    0.28600E+01    0.29308E-01
    0.28700E+01    0.29242E-01
    0.28800E+01    0.29175E-01
    0.28900E+01    0.29108E-01
    0.29000E+01    0.29040E-01
    0.29100E+01    0.28973E-01
    0.29200E+01    0.28905E-01
    0.29300E+01    0.28837E-01
    0.29400E+01    0.28768E-01
    0.29500E+01    0.28700E-01
    0.29600E+01    0.28631E-01
    0.29700E+01    0.28562E-01
    0.29800E+01    0.28493E-01
    0.29900E+01    0.28423E-01
    0.30000E+01    0.28353E-01
    0.30100E+01    0.28283E-01
    0.30200E+01    0.28213E-01
    0.30300E+01    0.28143E-01
    0.30400E+01    0.28072E-01
    0.30500E+01    0.28001E-01
    0.30600E+01    0.27930E-01
    0.30700E+01    0.27859E-01
    0.30800E+01    0.27787E-01
    0.30900E+01    0.27715E-01
    0.31000E+01    0.27643E-01
    0.31100E+01    0.27571E-01
    0.31200E+01    0.27498E-01
    0.31300E+01    0.27425E-01
    0.31400E+01    0.27352E-01
    0.31500E+01    0.27279E-01
    0.31600E+01    0.27205E-01
    0.31700E+01    0.27131E-01
    0.31800E+01    0.27057E-01
    0.31900E+01    0.26983E-01
    0.32000E+01    0.26909E-01
    0.32100E+01    0.26834E-01
    0.32200E+01    0.26759E-01
    0.32300E+01    0.26684E-01
    0.32400E+01    0.26608E-01
    0.32500E+01    0.26533E-01
    0.32600E+01    0.26457E-01
    0.32700E+01    0.26380E-01
    0.32800E+01    0.26304E-01
    0.32900E+01    0.26227E-01
    0.33000E+01    0.26150E-01
    0.33100E+01    0.26073E-01
    0.33200E+01    0.25996E-01
    0.33300E+01    0.25918E-01
    0.33400E+01    0.25840E-01
    0.33500E+01    0.25762E-01
    0.33600E+01    0.25684E-01
    0.33700E+01    0.25605E-01
    0.33800E+01    0.25526E-01
    0.33900E+01    0.25447E-01
    0.34000E+01    0.25368E-01
    0.34100E+01    0.25289E-01
    0.34200E+01    0.25209E-01
    0.34300E+01    0.25129E-01
    0.34400E+01    0.25048E-01
    0.34500E+01    0.24968E-01
    0.34600E+01    0.24887E-01
    0.34700E+01    0.24806E-01
    0.34800E+01    0.24725E-01
    0.34900E+01    0.24643E-01
    0.35000E+01    0.24562E-01
    0.35100E+01    0.24480E-01
    0.35200E+01    0.24397E-01
    0.35300E+01    0.24315E-01
    0.35400E+01    0.24232E-01
    0.35500E+01    0.24149E-01
    0.35600E+01    0.24066E-01
    0.35700E+01    0.23982E-01
    0.35800E+01    0.23899E-01
    0.35900E+01    0.23815E-01
    0.36000E+01    0.23731E-01
    0.36100E+01    0.23646E-01
    0.36200E+01    0.23561E-01
    0.36300E+01    0.23476E-01
    0.36400E+01    0.23391E-01
    0.36500E+01    0.23306E-01
    0.36600E+01    0.23220E-01
    0.36700E+01    0.23134E-01
    0.36800E+01    0.23048E-01
    0.36900E+01    0.22961E-01
    0.37000E+01    0.22875E-01
    0.37100E+01    0.22788E-01
    0.37200E+01    0.22700E-01
    0.37300E+01    0.22613E-01
    0.37400E+01    0.22525E-01
    0.37500E+01    0.22437E-01
    0.37600E+01    0.22349E-01
    0.37700E+01    0.22261E-01
    0.37800E+01    0.22172E-01
    0.37900E+01    0.22083E-01
    0.38000E+01    0.21994E-01
    0.38100E+01    0.21904E-01
    0.38200E+01    0.21814E-01
    0.38300E+01    0.21724E-01
    0.38400E+01    0.21634E-01
    0.38500E+01    0.21543E-01
    0.38600E+01    0.21453E-01
    0.38700E+01    0.21362E-01
    0.38800E+01    0.21270E-01
    0.38900E+01    0.21179E-01
    0.39000E+01    0.21087E-01
    0.39100E+01    0.20995E-01
    0.39200E+01    0.20902E-01
    0.39300E+01    0.20810E-01
    0.39400E+01    0.20717E-01
    0.39500E+01    0.20623E-01
    0.39600E+01    0.20530E-01
    0.39700E+01    0.20436E-01
    0.39800E+01    0.20342E-01
    0.39900E+01    0.20248E-01
    0.40000E+01    0.20153E-01
    0.40100E+01    0.20059E-01
    0.40200E+01    0.19964E-01
    0.40300E+01    0.19868E-01
    0.40400E+01    0.19773E-01
    0.40500E+01    0.19677E-01
    0.40600E+01    0.19580E-01
    0.40700E+01    0.19484E-01
    0.40800E+01    0.19387E-01
    0.40900E+01    0.19290E-01
    0.41000E+01    0.19193E-01
    0.41100E+01    0.19095E-01
    0.41200E+01    0.18997E-01
    0.41300E+01    0.18899E-01
    0.41400E+01    0.18801E-01
    0.41500E+01    0.18702E-01
    0.41600E+01    0.18603E-01
    0.41700E+01    0.18504E-01
    0.41800E+01    0.18404E-01
    0.41900E+01    0.18304E-01
    0.42000E+01    0.18204E-01
    0.42100E+01    0.18103E-01
    0.42200E+01    0.18003E-01
    0.42300E+01    0.17902E-01
    0.42400E+01    0.17800E-01
    0.42500E+01    0.17698E-01
    0.42600E+01    0.17596E-01
    0.42700E+01    0.17494E-01
    0.42800E+01    0.17392E-01
    0.42900E+01    0.17289E-01
    0.43000E+01    0.17185E-01
    0.43100E+01    0.17082E-01
    0.43200E+01    0.16978E-01
    0.43300E+01    0.16874E-01
    0.43400E+01    0.16769E-01
    0.43500E+01    0.16665E-01
    0.43600E+01    0.16559E-01
    0.43700E+01    0.16454E-01
    0.43800E+01    0.16348E-01
    0.43900E+01    0.16242E-01
    0.44000E+01    0.16136E-01
    0.44100E+01    0.16029E-01
    0.44200E+01    0.15922E-01
    0.44300E+01    0.15815E-01
    0.44400E+01    0.15707E-01
    0.44500E+01    0.15599E-01
    0.44600E+01    0.15491E-01
    0.44700E+01    0.15382E-01
    0.44800E+01    0.15273E-01
    0.44900E+01    0.15163E-01
    0.45000E+01    0.15054E-01
    0.45100E+01    0.14944E-01
    0.45200E+01    0.14833E-01
    0.45300E+01    0.14723E-01
    0.45400E+01    0.14612E-01
    0.45500E+01    0.14500E-01
    0.45600E+01    0.14389E-01
    0.45700E+01    0.14277E-01
    0.45800E+01    0.14164E-01
    0.45900E+01    0.14051E-01
    0.46000E+01    0.13938E-01
    0.46100E+01    0.13825E-01
    0.46200E+01    0.13711E-01
    0.46300E+01    0.13597E-01
    0.46400E+01    0.13483E-01
    0.46500E+01    0.13368E-01
    0.46600E+01    0.13253E-01
    0.46700E+01    0.13137E-01
    0.46800E+01    0.13022E-01
    0.46900E+01    0.12906E-01
    0.47000E+01    0.12789E-01
    0.47100E+01    0.12673E-01
    0.47200E+01    0.12556E-01
    0.47300E+01    0.12438E-01
    0.47400E+01    0.12321E-01
    0.47500E+01    0.12203E-01
    0.47600E+01    0.12084E-01
    0.47700E+01    0.11966E-01
    0.47800E+01    0.11847E-01
    0.47900E+01    0.11728E-01
    0.48000E+01    0.11608E-01
    0.48100E+01    0.11489E-01
    0.48200E+01    0.11369E-01
    0.48300E+01    0.11248E-01
    0.48400E+01    0.11128E-01
    0.48500E+01    0.11007E-01
    0.48600E+01    0.10886E-01
    0.48700E+01    0.10765E-01
    0.48800E+01    0.10643E-01
    0.48900E+01    0.10521E-01
    0.49000E+01    0.10400E-01
    0.49100E+01    0.10277E-01
    0.49200E+01    0.10155E-01
    0.49300E+01    0.10033E-01
    0.49400E+01    0.99101E-02
    0.49500E+01    0.97873E-02
    0.49600E+01    0.96645E-02
    0.49700E+01    0.95414E-02
    0.49800E+01    0.94183E-02
    0.49900E+01    0.92951E-02
    0.50000E+01    0.91719E-02
    0.50100E+01    0.90485E-02
    0.50200E+01    0.89252E-02
    0.50300E+01    0.88018E-02
    0.50400E+01    0.86784E-02
    0.50500E+01    0.85550E-02
    0.50600E+01    0.84317E-02
    0.50700E+01    0.83085E-02
    0.50800E+01    0.81853E-02
    0.50900E+01    0.80622E-02
    0.51000E+01    0.79392E-02
    0.51100E+01    0.78164E-02
    0.51200E+01    0.76938E-02
    0.51300E+01    0.75714E-02
    0.51400E+01    0.74492E-02
    0.51500E+01    0.73272E-02
    0.51600E+01    0.72056E-02
    0.51700E+01    0.70842E-02
    0.51800E+01    0.69631E-02
    0.51900E+01    0.68425E-02
    0.52000E+01    0.67222E-02
    0.52100E+01    0.66023E-02
    0.52200E+01    0.64828E-02
    0.52300E+01    0.63639E-02
    0.52400E+01    0.62454E-02
    0.52500E+01    0.61275E-02
    0.52600E+01    0.60102E-02
    0.52700E+01    0.58934E-02
    0.52800E+01    0.57773E-02
    0.52900E+01    0.56618E-02
    0.53000E+01    0.55471E-02
    0.53100E+01    0.54330E-02
    0.53200E+01    0.53197E-02
    0.53300E+01    0.52072E-02
    0.53400E+01    0.50956E-02
    0.53500E+01    0.49847E-02
    0.53600E+01    0.48748E-02
    0.53700E+01    0.47658E-02
    0.53800E+01    0.46577E-02
    0.53900E+01    0.45506E-02
    0.54000E+01    0.44445E-02
    0.54100E+01    0.43394E-02
    0.54200E+01    0.42354E-02
    0.54300E+01    0.41325E-02
    0.54400E+01    0.40307E-02
    0.54500E+01    0.39301E-02
    0.54600E+01    0.38307E-02
    0.54700E+01    0.37324E-02
    0.54800E+01    0.36354E-02
    0.54900E+01    0.35397E-02
    0.55000E+01    0.34452E-02
    0.55100E+01    0.33520E-02
    0.55200E+01    0.32602E-02
    0.55300E+01    0.31697E-02
    0.55400E+01    0.30805E-02
    0.55500E+01    0.29928E-02
    0.55600E+01    0.29064E-02
    0.55700E+01    0.28215E-02
    0.55800E+01    0.27380E-02
    0.55900E+01    0.26559E-02
    0.56000E+01    0.25753E-02
    0.56100E+01    0.24962E-02
    0.56200E+01    0.24185E-02
    0.56300E+01    0.23424E-02
    0.56400E+01    0.22677E-02
    0.56500E+01    0.21945E-02
    0.56600E+01    0.21229E-02
    0.56700E+01    0.20527E-02
    0.56800E+01    0.19841E-02
    0.56900E+01    0.19170E-02
    0.57000E+01    0.18514E-02
    0.57100E+01    0.17873E-02
    0.57200E+01    0.17247E-02
    0.57300E+01    0.16636E-02
    0.57400E+01    0.16041E-02
    0.57500E+01    0.15460E-02
    0.57600E+01    0.14894E-02
    0.57700E+01    0.14342E-02
    0.57800E+01    0.13805E-02
    0.57900E+01    0.13283E-02
    0.58000E+01    0.12775E-02
    0.58100E+01    0.12282E-02
    0.58200E+01    0.11802E-02
    0.58300E+01    0.11336E-02
    0.58400E+01    0.10885E-02
    0.58500E+01    0.10446E-02
    0.58600E+01    0.10021E-02
    0.58700E+01    0.96095E-03
    0.58800E+01    0.92108E-03
    0.58900E+01    0.88248E-03
    0.59000E+01    0.84514E-03
    0.59100E+01    0.80904E-03
    0.59200E+01    0.77414E-03
    0.59300E+01    0.74044E-03
    0.59400E+01    0.70790E-03
    0.59500E+01    0.67650E-03
    0.59600E+01    0.64622E-03
    0.59700E+01    0.61703E-03
    0.59800E+01    0.58891E-03
    0.59900E+01    0.56183E-03
    0.60000E+01    0.53577E-03
    0.60100E+01    0.51070E-03
    0.60200E+01    0.48659E-03
    0.60300E+01    0.46343E-03
    0.60400E+01    0.44118E-03
    0.60500E+01    0.41983E-03
    0.60600E+01    0.39934E-03
    0.60700E+01    0.37968E-03
    0.60800E+01    0.36085E-03
    0.60900E+01    0.34280E-03
    0.61000E+01    0.32552E-03
    0.61100E+01    0.30899E-03
    0.61200E+01    0.29317E-03
    0.61300E+01    0.27804E-03
    0.61400E+01    0.26359E-03
    0.61500E+01    0.24978E-03
    0.61600E+01    0.23660E-03
    0.61700E+01    0.22402E-03
    0.61800E+01    0.21202E-03
    0.61900E+01    0.20058E-03
    0.62000E+01    0.18969E-03
    0.62100E+01    0.17931E-03
    0.62200E+01    0.16943E-03
    0.62300E+01    0.16003E-03
    0.62400E+01    0.15109E-03
    0.62500E+01    0.14259E-03
    0.62600E+01    0.13451E-03
    0.62700E+01    0.12684E-03
    0.62800E+01    0.11956E-03
    0.62900E+01    0.11266E-03
    0.63000E+01    0.10611E-03
    0.63100E+01    0.99899E-04
    0.63200E+01    0.94017E-04
    0.63300E+01    0.88445E-04
    0.63400E+01    0.83171E-04
    0.63500E+01    0.78181E-04
    0.63600E+01    0.73462E-04
    0.63700E+01    0.69000E-04
    0.63800E+01    0.64785E-04
    0.63900E+01    0.60803E-04
    0.64000E+01    0.57044E-04
    0.64100E+01    0.53497E-04
    0.64200E+01    0.50151E-04
    0.64300E+01    0.46996E-04
    0.64400E+01    0.44023E-04
    0.64500E+01    0.41222E-04
    0.64600E+01    0.38585E-04
    0.64700E+01    0.36103E-04
    0.64800E+01    0.33768E-04
    0.64900E+01    0.31572E-04
    0.65000E+01    0.29508E-04
    0.65100E+01    0.27568E-04
    0.65200E+01    0.25746E-04
    0.65300E+01    0.24036E-04
    0.65400E+01    0.22431E-04
    0.65500E+01    0.20926E-04
    0.65600E+01    0.19514E-04
    0.65700E+01    0.18191E-04
    0.65800E+01    0.16951E-04
    0.65900E+01    0.15791E-04
    0.66000E+01    0.14704E-04
    0.66100E+01    0.13687E-04
    0.66200E+01    0.12736E-04
    0.66300E+01    0.11846E-04
    0.66400E+01    0.11015E-04
    0.66500E+01    0.10239E-04
    0.66600E+01    0.95135E-05
    0.66700E+01    0.88366E-05
    0.66800E+01    0.82048E-05
    0.66900E+01    0.76156E-05
    0.67000E+01    0.70661E-05
    0.67100E+01    0.65540E-05
    0.67200E+01    0.60769E-05
    0.67300E+01    0.56325E-05
    0.67400E+01    0.52188E-05
    0.67500E+01    0.48339E-05
    0.67600E+01    0.44757E-05
    0.67700E+01    0.41427E-05
    0.67800E+01    0.38331E-05
    0.67900E+01    0.35454E-05
    0.68000E+01    0.32782E-05
    0.68100E+01    0.30301E-05
    0.68200E+01    0.27998E-05
    0.68300E+01    0.25861E-05
    0.68400E+01    0.23879E-05
    0.68500E+01    0.22042E-05
    0.68600E+01    0.20339E-05
    0.68700E+01    0.18761E-05
    0.68800E+01    0.17300E-05
    0.68900E+01    0.15947E-05
    0.69000E+01    0.14696E-05
    0.69100E+01    0.13538E-05
    0.69200E+01    0.12467E-05
    0.69300E+01    0.11476E-05
    0.69400E+01    0.10561E-05
    0.69500E+01    0.97162E-06
    0.69600E+01    0.89357E-06
    0.69700E+01    0.82151E-06
    0.69800E+01    0.75502E-06
    0.69900E+01    0.69368E-06
    0.70000E+01    0.63712E-06
    0.70100E+01    0.58498E-06
    0.70200E+01    0.53693E-06
    0.70300E+01    0.49266E-06
    0.70400E+01    0.45190E-06
    0.70500E+01    0.41438E-06
    0.70600E+01    0.37985E-06
    0.70700E+01    0.34808E-06
    0.70800E+01    0.31887E-06
    0.70900E+01    0.29202E-06
    0.71000E+01    0.26734E-06
    0.71100E+01    0.24467E-06
    0.71200E+01    0.22385E-06
    0.71300E+01    0.20474E-06
    0.71400E+01    0.18720E-06
    0.71500E+01    0.17111E-06
    0.71600E+01    0.15635E-06
    0.71700E+01    0.14282E-06
    0.71800E+01    0.13042E-06
    0.71900E+01    0.11906E-06
    0.72000E+01    0.10865E-06
    0.72100E+01    0.99122E-07
    0.72200E+01    0.90402E-07
    0.72300E+01    0.82423E-07
    0.72400E+01    0.75126E-07
    0.72500E+01    0.68453E-07
    0.72600E+01    0.62353E-07
    0.72700E+01    0.56779E-07
    0.72800E+01    0.51688E-07
    0.72900E+01    0.47038E-07
    0.73000E+01    0.42794E-07
    0.73100E+01    0.38921E-07
    0.73200E+01    0.35387E-07
    0.73300E+01    0.32164E-07
    0.73400E+01    0.29226E-07
    0.73500E+01    0.26548E-07
    0.73600E+01    0.24108E-07
    0.73700E+01    0.21886E-07
    0.73800E+01    0.19863E-07
    0.73900E+01    0.18021E-07
    0.74000E+01    0.16345E-07
    0.74100E+01    0.14820E-07
    0.74200E+01    0.13434E-07
    0.74300E+01    0.12173E-07
    0.74400E+01    0.11028E-07
    0.74500E+01    0.99872E-08
    0.74600E+01    0.90421E-08
    0.74700E+01    0.81839E-08
    0.74800E+01    0.74049E-08
    0.74900E+01    0.66981E-08
    0.75000E+01    0.60570E-08
    0.75100E+01    0.54756E-08
    0.75200E+01    0.49485E-08
    0.75300E+01    0.44709E-08
    0.75400E+01    0.40381E-08
    0.75500E+01    0.36462E-08
    0.75600E+01    0.32913E-08
    0.75700E+01    0.29701E-08
    0.75800E+01    0.26795E-08
    0.75900E+01    0.24166E-08
    0.76000E+01    0.21788E-08
    0.76100E+01    0.19639E-08
    0.76200E+01    0.17696E-08
    0.76300E+01    0.15941E-08
    0.76400E+01    0.14356E-08
    0.76500E+01    0.12925E-08
    0.76600E+01    0.11633E-08
    0.76700E+01    0.10467E-08
    0.76800E+01    0.94150E-09
    0.76900E+01    0.84665E-09
    0.77000E+01    0.76113E-09
    0.77100E+01    0.68406E-09
    0.77200E+01    0.61461E-09
    0.77300E+01    0.55205E-09
    0.77400E+01    0.49572E-09
    0.77500E+01    0.44501E-09
    0.77600E+01    0.39937E-09
    0.77700E+01    0.35831E-09
    0.77800E+01    0.32138E-09
    0.77900E+01    0.28817E-09
    0.78000E+01    0.25832E-09
    0.78100E+01    0.23150E-09
    0.78200E+01    0.20740E-09
    0.78300E+01    0.18576E-09
    0.78400E+01    0.16633E-09
    0.78500E+01    0.14889E-09
    0.78600E+01    0.13324E-09
    0.78700E+01    0.11920E-09
    0.78800E+01    0.10661E-09
    0.78900E+01    0.95327E-10
    0.79000E+01    0.85212E-10
    0.79100E+01    0.76148E-10
    0.79200E+01    0.68029E-10
    0.79300E+01    0.60759E-10
    0.79400E+01    0.54250E-10
    0.79500E+01    0.48425E-10
    0.79600E+01    0.43214E-10
    0.79700E+01    0.38553E-10
    0.79800E+01    0.34384E-10
    0.79900E+01    0.30658E-10
    0.80000E+01    0.27328E-10
    0.80100E+01    0.24353E-10
    0.80200E+01    0.21696E-10
    0.80300E+01    0.19324E-10
    0.80400E+01    0.17206E-10
    0.80500E+01    0.15316E-10
    0.80600E+01    0.13629E-10
    0.80700E+01    0.12126E-10
    0.80800E+01    0.10785E-10
    0.80900E+01    0.95894E-11
    0.81000E+01    0.85242E-11
    0.81100E+01    0.75753E-11
    0.81200E+01    0.67302E-11
    0.81300E+01    0.59777E-11
    0.81400E+01    0.53079E-11
    0.81500E+01    0.47118E-11
    0.81600E+01    0.41816E-11
    0.81700E+01    0.37100E-11
    0.81800E+01    0.32907E-11
    0.81900E+01    0.29180E-11
    0.82000E+01    0.25868E-11
    0.82100E+01    0.22925E-11
    0.82200E+01    0.20312E-11
    0.82300E+01    0.17992E-11
    0.82400E+01    0.15933E-11
    0.82500E+01    0.14105E-11
    0.82600E+01    0.12484E-11
    0.82700E+01    0.11046E-11
    0.82800E+01    0.97708E-12
    0.82900E+01    0.86406E-12
    0.83000E+01    0.76392E-12
    0.83100E+01    0.67520E-12
    0.83200E+01    0.59662E-12
    0.83300E+01    0.52704E-12
    0.83400E+01    0.46546E-12
    0.83500E+01    0.41096E-12
    0.83600E+01    0.36274E-12
    0.83700E+01    0.32010E-12
    0.83800E+01    0.28239E-12
    0.83900E+01    0.24906E-12
    0.84000E+01    0.21960E-12
    0.84100E+01    0.19358E-12
    0.84200E+01    0.17059E-12
    0.84300E+01    0.15030E-12
    0.84400E+01    0.13238E-12
    0.84500E+01    0.11657E-12
    0.84600E+01    0.10262E-12
    0.84700E+01    0.90314E-13
    0.84800E+01    0.79463E-13
    0.84900E+01    0.69898E-13
    0.85000E+01    0.61468E-13
    0.85100E+01    0.54040E-13
    0.85200E+01    0.47497E-13
    0.85300E+01    0.41735E-13
    0.85400E+01    0.36663E-13
    0.85500E+01    0.32199E-13
    0.85600E+01    0.28270E-13
    0.85700E+01    0.24815E-13
    0.85800E+01    0.21776E-13
    0.85900E+01    0.19104E-13
    0.86000E+01    0.16756E-13
    0.86100E+01    0.14692E-13
    0.86200E+01    0.12880E-13
    0.86300E+01    0.11288E-13
    0.86400E+01    0.98898E-14
    0.86500E+01    0.86628E-14
    0.86600E+01    0.75860E-14
    0.86700E+01    0.66414E-14
    0.86800E+01    0.58128E-14
    0.86900E+01    0.50864E-14
    0.87000E+01    0.44495E-14
    0.87100E+01    0.38914E-14
    0.87200E+01    0.34024E-14
    0.87300E+01    0.29740E-14
    0.87400E+01    0.25990E-14
    0.87500E+01    0.22706E-14
    0.87600E+01    0.19832E-14
    0.87700E+01    0.17317E-14
    0.87800E+01    0.15118E-14
    0.87900E+01    0.13194E-14
    0.88000E+01    0.11512E-14
    0.88100E+01    0.10042E-14
    0.88200E+01    0.87575E-15
    0.88300E+01    0.76353E-15
    0.88400E+01    0.66551E-15
    0.88500E+01    0.57993E-15
    0.88600E+01    0.50522E-15
    0.88700E+01    0.44003E-15
    0.88800E+01    0.38315E-15
    0.88900E+01    0.33353E-15
    0.89000E+01    0.29027E-15
    0.89100E+01    0.25255E-15
    0.89200E+01    0.21968E-15
    0.89300E+01    0.19104E-15
    0.89400E+01    0.16609E-15
    0.89500E+01    0.14436E-15
    0.89600E+01    0.12544E-15
    0.89700E+01    0.10898E-15
    0.89800E+01    0.94646E-16
    0.89900E+01    0.82180E-16
    0.90000E+01    0.71338E-16
    0.90100E+01    0.61910E-16
    0.90200E+01    0.53715E-16
    0.90300E+01    0.46593E-16
    0.90400E+01    0.40405E-16
    0.90500E+01    0.35029E-16
    0.90600E+01    0.30362E-16
    0.90700E+01    0.26309E-16
    0.90800E+01    0.22792E-16
    0.90900E+01    0.19740E-16
    0.91000E+01    0.17092E-16
    0.91100E+01    0.14796E-16
    0.91200E+01    0.12805E-16
    0.91300E+01    0.11079E-16
    0.91400E+01    0.95831E-17
    0.91500E+01    0.82873E-17
    0.91600E+01    0.71649E-17
    0.91700E+01    0.61929E-17
    0.91800E+01    0.53514E-17
    0.91900E+01    0.46231E-17
    0.92000E+01    0.39930E-17
    0.92100E+01    0.34478E-17
    0.92200E+01    0.29764E-17
    0.92300E+01    0.25687E-17
    0.92400E+01    0.22163E-17
    0.92500E+01    0.19118E-17
    0.92600E+01    0.16488E-17
    0.92700E+01    0.14215E-17
    0.92800E+01    0.12253E-17
    0.92900E+01    0.10559E-17
    0.93000E+01    0.90967E-18
    0.93100E+01    0.78351E-18
    0.93200E+01    0.67468E-18
    0.93300E+01    0.58082E-18
    0.93400E+01    0.49989E-18
    0.93500E+01    0.43013E-18
    0.93600E+01    0.37001E-18
    0.93700E+01    0.31822E-18
    0.93800E+01    0.27361E-18
    0.93900E+01    0.23519E-18
    0.94000E+01    0.20211E-18
    0.94100E+01    0.17365E-18
    0.94200E+01    0.14915E-18
    0.94300E+01    0.12808E-18
    0.94400E+01    0.10996E-18
    0.94500E+01    0.94374E-19
    0.94600E+01    0.80979E-19
    0.94700E+01    0.69467E-19
    0.94800E+01    0.59576E-19
    0.94900E+01    0.51081E-19
    0.95000E+01    0.43785E-19
    0.95100E+01    0.37521E-19
    0.95200E+01    0.32145E-19
    0.95300E+01    0.27532E-19
    0.95400E+01    0.23574E-19
    0.95500E+01    0.20180E-19
    0.95600E+01    0.17269E-19
    0.95700E+01    0.14774E-19
    0.95800E+01    0.12636E-19
    0.95900E+01    0.10803E-19
    0.96000E+01    0.92339E-20
    0.96100E+01    0.78898E-20
    0.96200E+01    0.67391E-20
    0.96300E+01    0.57540E-20
    0.96400E+01    0.49111E-20
    0.96500E+01    0.41900E-20
    0.96600E+01    0.35732E-20
    0.96700E+01    0.30458E-20
    0.96800E+01    0.25949E-20
    0.96900E+01    0.22095E-20
    0.97000E+01    0.18803E-20
    0.97100E+01    0.15990E-20
    0.97200E+01    0.13588E-20
    0.97300E+01    0.11538E-20
    0.97400E+01    0.97874E-21
    0.97500E+01    0.82940E-21
    0.97600E+01    0.70200E-21
    0.97700E+01    0.59336E-21
    0.97800E+01    0.50075E-21
    0.97900E+01    0.42183E-21
    0.98000E+01    0.35459E-21
    0.98100E+01    0.29734E-21
    0.98200E+01    0.24862E-21
    0.98300E+01    0.20717E-21
    0.98400E+01    0.17193E-21
    0.98500E+01    0.14201E-21
    0.98600E+01    0.11662E-21
    0.98700E+01    0.95098E-22
    0.98800E+01    0.76896E-22
    0.98900E+01    0.61531E-22
    0.99000E+01    0.48601E-22
    0.99100E+01    0.37764E-22
    0.99200E+01    0.28733E-22
    0.99300E+01    0.21267E-22
    0.99400E+01    0.15166E-22
    0.99500E+01    0.10265E-22
    0.99600E+01    0.64297E-23
    0.99700E+01    0.35548E-23
    0.99800E+01    0.15596E-23
    0.99900E+01    0.38655E-24
