    0.10000E-01    0.38677E-01
    0.20000E-01    0.38677E-01
    0.30000E-01    0.38676E-01
    0.40000E-01    0.38675E-01
    0.50000E-01    0.38674E-01
    0.60000E-01    0.38673E-01
    0.70000E-01    0.38672E-01
    0.80000E-01    0.38670E-01
    0.90000E-01    0.38668E-01
    0.10000E+00    0.38666E-01
    0.11000E+00    0.38663E-01
    0.12000E+00    0.38661E-01
    0.13000E+00    0.38658E-01
    0.14000E+00    0.38655E-01
    0.15000E+00    0.38651E-01
    0.16000E+00    0.38648E-01
    0.17000E+00    0.38644E-01
    0.18000E+00    0.38640E-01
    0.19000E+00    0.38636E-01
    0.20000E+00    0.38631E-01
    0.21000E+00    0.38626E-01
    0.22000E+00    0.38621E-01
    0.23000E+00    0.38616E-01
    0.24000E+00    0.38611E-01
    0.25000E+00    0.38605E-01
    0.26000E+00    0.38599E-01
    0.27000E+00    0.38593E-01
    0.28000E+00    0.38587E-01
    0.29000E+00    0.38580E-01
    0.30000E+00    0.38573E-01
    0.31000E+00    0.38566E-01
    0.32000E+00    0.38559E-01
    0.33000E+00    0.38552E-01
    0.34000E+00    0.38544E-01
    0.35000E+00    0.38536E-01
    0.36000E+00    0.38528E-01
    0.37000E+00    0.38519E-01
    0.38000E+00    0.38511E-01
    0.39000E+00    0.38502E-01
    0.40000E+00    0.38493E-01
    0.41000E+00    0.38483E-01
    0.42000E+00    0.38474E-01
    0.43000E+00    0.38464E-01
    0.44000E+00    0.38454E-01
    0.45000E+00    0.38443E-01
    0.46000E+00    0.38433E-01
    0.47000E+00    0.38422E-01
    0.48000E+00    0.38411E-01
    0.49000E+00    0.38400E-01
    0.50000E+00    0.38389E-01
    0.51000E+00    0.38377E-01
    0.52000E+00    0.38365E-01
    0.53000E+00    0.38353E-01
    0.54000E+00    0.38341E-01
    0.55000E+00    0.38328E-01
    0.56000E+00    0.38315E-01
    0.57000E+00    0.38302E-01
    0.58000E+00    0.38289E-01
    0.59000E+00    0.38275E-01
    0.60000E+00    0.38262E-01
    0.61000E+00    0.38248E-01
    0.62000E+00    0.38233E-01
    0.63000E+00    0.38219E-01
    0.64000E+00    0.38204E-01
    0.65000E+00    0.38189E-01
    0.66000E+00    0.38174E-01
    0.67000E+00    0.38159E-01
    0.68000E+00    0.38143E-01
    0.69000E+00    0.38128E-01
    0.70000E+00    0.38112E-01
    0.71000E+00    0.38095E-01
    0.72000E+00    0.38079E-01
    0.73000E+00    0.38062E-01
    0.74000E+00    0.38045E-01
    0.75000E+00    0.38028E-01
    0.76000E+00    0.38010E-01
    0.77000E+00    0.37993E-01
    0.78000E+00    0.37975E-01
    0.79000E+00    0.37957E-01
    0.80000E+00    0.37938E-01
    0.81000E+00    0.37920E-01
    0.82000E+00    0.37901E-01
    0.83000E+00    0.37882E-01
    0.84000E+00    0.37863E-01
    0.85000E+00    0.37843E-01
    0.86000E+00    0.37823E-01
    0.87000E+00    0.37803E-01
    0.88000E+00    0.37783E-01
    0.89000E+00    0.37763E-01
    0.90000E+00    0.37742E-01
    0.91000E+00    0.37721E-01
    0.92000E+00    0.37700E-01
    0.93000E+00    0.37679E-01
    0.94000E+00    0.37657E-01
    0.95000E+00    0.37635E-01
    0.96000E+00    0.37613E-01
    0.97000E+00    0.37591E-01
    0.98000E+00    0.37568E-01
    0.99000E+00    0.37546E-01
    0.10000E+01    0.37523E-01
    0.10100E+01    0.37499E-01
    0.10200E+01    0.37476E-01
    0.10300E+01    0.37452E-01
    0.10400E+01    0.37428E-01
    0.10500E+01    0.37404E-01
    0.10600E+01    0.37380E-01
    0.10700E+01    0.37355E-01
    0.10800E+01    0.37330E-01
    0.10900E+01    0.37305E-01
    0.11000E+01    0.37280E-01
    0.11100E+01    0.37255E-01
    0.11200E+01    0.37229E-01
    0.11300E+01    0.37203E-01
    0.11400E+01    0.37177E-01
    0.11500E+01    0.37150E-01
    0.11600E+01    0.37124E-01
    0.11700E+01    0.37097E-01
    0.11800E+01    0.37069E-01
    0.11900E+01    0.37042E-01
    0.12000E+01    0.37015E-01
    0.12100E+01    0.36987E-01
    0.12200E+01    0.36959E-01
    0.12300E+01    0.36930E-01
    0.12400E+01    0.36902E-01
    0.12500E+01    0.36873E-01
    0.12600E+01    0.36844E-01
    0.12700E+01    0.36815E-01
    0.12800E+01    0.36785E-01
    0.12900E+01    0.36756E-01
    0.13000E+01    0.36726E-01
    0.13100E+01    0.36696E-01
    0.13200E+01    0.36665E-01
    0.13300E+01    0.36635E-01
    0.13400E+01    0.36604E-01
    0.13500E+01    0.36573E-01
    0.13600E+01    0.36542E-01
    0.13700E+01    0.36510E-01
    0.13800E+01    0.36478E-01
    0.13900E+01    0.36446E-01
    0.14000E+01    0.36414E-01
    0.14100E+01    0.36382E-01
    0.14200E+01    0.36349E-01
    0.14300E+01    0.36316E-01
    0.14400E+01    0.36283E-01
    0.14500E+01    0.36249E-01
    0.14600E+01    0.36216E-01
    0.14700E+01    0.36182E-01
    0.14800E+01    0.36148E-01
    0.14900E+01    0.36114E-01
    0.15000E+01    0.36079E-01
    0.15100E+01    0.36044E-01
    0.15200E+01    0.36009E-01
    0.15300E+01    0.35974E-01
    0.15400E+01    0.35939E-01
    0.15500E+01    0.35903E-01
    0.15600E+01    0.35867E-01
    0.15700E+01    0.35831E-01
    0.15800E+01    0.35795E-01
    0.15900E+01    0.35758E-01
    0.16000E+01    0.35721E-01
    0.16100E+01    0.35684E-01
    0.16200E+01    0.35647E-01
    0.16300E+01    0.35609E-01
    0.16400E+01    0.35572E-01
    0.16500E+01    0.35534E-01
    0.16600E+01    0.35495E-01
    0.16700E+01    0.35457E-01
    0.16800E+01    0.35418E-01
    0.16900E+01    0.35379E-01
    0.17000E+01    0.35340E-01
    0.17100E+01    0.35301E-01
    0.17200E+01    0.35261E-01
    0.17300E+01    0.35221E-01
    0.17400E+01    0.35181E-01
    0.17500E+01    0.35141E-01
    0.17600E+01    0.35100E-01
    0.17700E+01    0.35060E-01
    0.17800E+01    0.35019E-01
    0.17900E+01    0.34977E-01
    0.18000E+01    0.34936E-01
    0.18100E+01    0.34894E-01
    0.18200E+01    0.34852E-01
    0.18300E+01    0.34810E-01
    0.18400E+01    0.34768E-01
    0.18500E+01    0.34725E-01
    0.18600E+01    0.34682E-01
    0.18700E+01    0.34639E-01
    0.18800E+01    0.34596E-01
    0.18900E+01    0.34552E-01
    0.19000E+01    0.34509E-01
    0.19100E+01    0.34465E-01
    0.19200E+01    0.34421E-01
    0.19300E+01    0.34376E-01
    0.19400E+01    0.34331E-01
    0.19500E+01    0.34286E-01
    0.19600E+01    0.34241E-01
    0.19700E+01    0.34196E-01
    0.19800E+01    0.34150E-01
    0.19900E+01    0.34104E-01
    0.20000E+01    0.34058E-01
    0.20100E+01    0.34012E-01
    0.20200E+01    0.33966E-01
    0.20300E+01    0.33919E-01
    0.20400E+01    0.33872E-01
    0.20500E+01    0.33825E-01
    0.20600E+01    0.33777E-01
    0.20700E+01    0.33729E-01
    0.20800E+01    0.33681E-01
    0.20900E+01    0.33633E-01
    0.21000E+01    0.33585E-01
    0.21100E+01    0.33536E-01
    0.21200E+01    0.33487E-01
    0.21300E+01    0.33438E-01
    0.21400E+01    0.33389E-01
    0.21500E+01    0.33340E-01
    0.21600E+01    0.33290E-01
    0.21700E+01    0.33240E-01
    0.21800E+01    0.33190E-01
    0.21900E+01    0.33139E-01
    0.22000E+01    0.33088E-01
    0.22100E+01    0.33037E-01
    0.22200E+01    0.32986E-01
    0.22300E+01    0.32935E-01
    0.22400E+01    0.32883E-01
    0.22500E+01    0.32831E-01
    0.22600E+01    0.32779E-01
    0.22700E+01    0.32727E-01
    0.22800E+01    0.32675E-01
    0.22900E+01    0.32622E-01
    0.23000E+01    0.32569E-01
    0.23100E+01    0.32516E-01
    0.23200E+01    0.32462E-01
    0.23300E+01    0.32408E-01
    0.23400E+01    0.32354E-01
    0.23500E+01    0.32300E-01
    0.23600E+01    0.32246E-01
    0.23700E+01    0.32191E-01
    0.23800E+01    0.32136E-01
    0.23900E+01    0.32081E-01
    0.24000E+01    0.32026E-01
    0.24100E+01    0.31971E-01
    0.24200E+01    0.31915E-01
    0.24300E+01    0.31859E-01
    0.24400E+01    0.31802E-01
    0.24500E+01    0.31746E-01
    0.24600E+01    0.31689E-01
    0.24700E+01    0.31632E-01
    0.24800E+01    0.31575E-01
    0.24900E+01    0.31518E-01
    0.25000E+01    0.31460E-01
    0.25100E+01    0.31402E-01
    0.25200E+01    0.31344E-01
    0.25300E+01    0.31286E-01
    0.25400E+01    0.31227E-01
    0.25500E+01    0.31169E-01
    0.25600E+01    0.31110E-01
    0.25700E+01    0.31050E-01
    0.25800E+01    0.30991E-01
    0.25900E+01    0.30931E-01
    0.26000E+01    0.30871E-01
    0.26100E+01    0.30811E-01
    0.26200E+01    0.30751E-01
    0.26300E+01    0.30690E-01
    0.26400E+01    0.30629E-01
    0.26500E+01    0.30568E-01
    0.26600E+01    0.30507E-01
    0.26700E+01    0.30445E-01
    0.26800E+01    0.30384E-01
    0.26900E+01    0.30322E-01
    0.27000E+01    0.30259E-01
    0.27100E+01    0.30197E-01
    0.27200E+01    0.30134E-01
    0.27300E+01    0.30071E-01
    0.27400E+01    0.30008E-01
    0.27500E+01    0.29945E-01
    0.27600E+01    0.29881E-01
    0.27700E+01    0.29817E-01
    0.27800E+01    0.29753E-01
    0.27900E+01    0.29689E-01
    0.28000E+01    0.29624E-01
    0.28100E+01    0.29559E-01
    0.28200E+01    0.29494E-01
    0.28300E+01    0.29429E-01
    0.28400E+01    0.29364E-01
    0.28500E+01    0.29298E-01
    0.28600E+01    0.29232E-01
    0.28700E+01    0.29166E-01
    0.28800E+01    0.29099E-01
    0.28900E+01    0.29033E-01
    0.29000E+01    0.28966E-01
    0.29100E+01    0.28899E-01
    0.29200E+01    0.28832E-01
    0.29300E+01    0.28764E-01
    0.29400E+01    0.28696E-01
    0.29500E+01    0.28628E-01
    0.29600E+01    0.28560E-01
    0.29700E+01    0.28492E-01
    0.29800E+01    0.28423E-01
    0.29900E+01    0.28354E-01
    0.30000E+01    0.28285E-01
    0.30100E+01    0.28215E-01
    0.30200E+01    0.28146E-01
    0.30300E+01    0.28076E-01
    0.30400E+01    0.28006E-01
    0.30500E+01    0.27935E-01
    0.30600E+01    0.27865E-01
    0.30700E+01    0.27794E-01
    0.30800E+01    0.27723E-01
    0.30900E+01    0.27652E-01
    0.31000E+01    0.27580E-01
    0.31100E+01    0.27509E-01
    0.31200E+01    0.27437E-01
    0.31300E+01    0.27364E-01
    0.31400E+01    0.27292E-01
    0.31500E+01    0.27219E-01
    0.31600E+01    0.27147E-01
    0.31700E+01    0.27073E-01
    0.31800E+01    0.27000E-01
    0.31900E+01    0.26927E-01
    0.32000E+01    0.26853E-01
    0.32100E+01    0.26779E-01
    0.32200E+01    0.26705E-01
    0.32300E+01    0.26630E-01
    0.32400E+01    0.26555E-01
    0.32500E+01    0.26480E-01
    0.32600E+01    0.26405E-01
    0.32700E+01    0.26330E-01
    0.32800E+01    0.26254E-01
    0.32900E+01    0.26178E-01
    0.33000E+01    0.26102E-01
    0.33100E+01    0.26026E-01
    0.33200E+01    0.25949E-01
    0.33300E+01    0.25873E-01
    0.33400E+01    0.25796E-01
    0.33500E+01    0.25718E-01
    0.33600E+01    0.25641E-01
    0.33700E+01    0.25563E-01
    0.33800E+01    0.25485E-01
    0.33900E+01    0.25407E-01
    0.34000E+01    0.25329E-01
    0.34100E+01    0.25250E-01
    0.34200E+01    0.25171E-01
    0.34300E+01    0.25092E-01
    0.34400E+01    0.25013E-01
    0.34500E+01    0.24933E-01
    0.34600E+01    0.24853E-01
    0.34700E+01    0.24773E-01
    0.34800E+01    0.24693E-01
    0.34900E+01    0.24613E-01
    0.35000E+01    0.24532E-01
    0.35100E+01    0.24451E-01
    0.35200E+01    0.24370E-01
    0.35300E+01    0.24288E-01
    0.35400E+01    0.24207E-01
    0.35500E+01    0.24125E-01
    0.35600E+01    0.24043E-01
    0.35700E+01    0.23960E-01
    0.35800E+01    0.23878E-01
    0.35900E+01    0.23795E-01
    0.36000E+01    0.23712E-01
    0.36100E+01    0.23629E-01
    0.36200E+01    0.23545E-01
    0.36300E+01    0.23461E-01
    0.36400E+01    0.23378E-01
    0.36500E+01    0.23293E-01
    0.36600E+01    0.23209E-01
    0.36700E+01    0.23124E-01
    0.36800E+01    0.23039E-01
    0.36900E+01    0.22954E-01
    0.37000E+01    0.22869E-01
    0.37100E+01    0.22783E-01
    0.37200E+01    0.22698E-01
    0.37300E+01    0.22612E-01
    0.37400E+01    0.22525E-01
    0.37500E+01    0.22439E-01
    0.37600E+01    0.22352E-01
    0.37700E+01    0.22265E-01
    0.37800E+01    0.22178E-01
    0.37900E+01    0.22091E-01
    0.38000E+01    0.22003E-01
    0.38100E+01    0.21915E-01
    0.38200E+01    0.21827E-01
    0.38300E+01    0.21739E-01
    0.38400E+01    0.21650E-01
    0.38500E+01    0.21561E-01
    0.38600E+01    0.21472E-01
    0.38700E+01    0.21383E-01
    0.38800E+01    0.21293E-01
    0.38900E+01    0.21204E-01
    0.39000E+01    0.21114E-01
    0.39100E+01    0.21024E-01
    0.39200E+01    0.20933E-01
    0.39300E+01    0.20843E-01
    0.39400E+01    0.20752E-01
    0.39500E+01    0.20661E-01
    0.39600E+01    0.20569E-01
    0.39700E+01    0.20478E-01
    0.39800E+01    0.20386E-01
    0.39900E+01    0.20294E-01
    0.40000E+01    0.20202E-01
    0.40100E+01    0.20109E-01
    0.40200E+01    0.20016E-01
    0.40300E+01    0.19923E-01
    0.40400E+01    0.19830E-01
    0.40500E+01    0.19737E-01
    0.40600E+01    0.19643E-01
    0.40700E+01    0.19549E-01
    0.40800E+01    0.19455E-01
    0.40900E+01    0.19361E-01
    0.41000E+01    0.19266E-01
    0.41100E+01    0.19171E-01
    0.41200E+01    0.19076E-01
    0.41300E+01    0.18981E-01
    0.41400E+01    0.18886E-01
    0.41500E+01    0.18790E-01
    0.41600E+01    0.18694E-01
    0.41700E+01    0.18598E-01
    0.41800E+01    0.18501E-01
    0.41900E+01    0.18405E-01
    0.42000E+01    0.18308E-01
    0.42100E+01    0.18211E-01
    0.42200E+01    0.18113E-01
    0.42300E+01    0.18016E-01
    0.42400E+01    0.17918E-01
    0.42500E+01    0.17820E-01
    0.42600E+01    0.17722E-01
    0.42700E+01    0.17623E-01
    0.42800E+01    0.17524E-01
    0.42900E+01    0.17425E-01
    0.43000E+01    0.17326E-01
    0.43100E+01    0.17227E-01
    0.43200E+01    0.17127E-01
    0.43300E+01    0.17027E-01
    0.43400E+01    0.16927E-01
    0.43500E+01    0.16827E-01
    0.43600E+01    0.16726E-01
    0.43700E+01    0.16625E-01
    0.43800E+01    0.16524E-01
    0.43900E+01    0.16423E-01
    0.44000E+01    0.16322E-01
    0.44100E+01    0.16220E-01
    0.44200E+01    0.16118E-01
    0.44300E+01    0.16016E-01
    0.44400E+01    0.15913E-01
    0.44500E+01    0.15811E-01
    0.44600E+01    0.15708E-01
    0.44700E+01    0.15605E-01
    0.44800E+01    0.15501E-01
    0.44900E+01    0.15398E-01
    0.45000E+01    0.15294E-01
    0.45100E+01    0.15190E-01
    0.45200E+01    0.15086E-01
    0.45300E+01    0.14981E-01
    0.45400E+01    0.14876E-01
    0.45500E+01    0.14771E-01
    0.45600E+01    0.14666E-01
    0.45700E+01    0.14561E-01
    0.45800E+01    0.14455E-01
    0.45900E+01    0.14349E-01
    0.46000E+01    0.14243E-01
    0.46100E+01    0.14137E-01
    0.46200E+01    0.14030E-01
    0.46300E+01    0.13923E-01
    0.46400E+01    0.13816E-01
    0.46500E+01    0.13709E-01
    0.46600E+01    0.13601E-01
    0.46700E+01    0.13494E-01
    0.46800E+01    0.13386E-01
    0.46900E+01    0.13278E-01
    0.47000E+01    0.13169E-01
    0.47100E+01    0.13060E-01
    0.47200E+01    0.12952E-01
    0.47300E+01    0.12842E-01
    0.47400E+01    0.12733E-01
    0.47500E+01    0.12624E-01
    0.47600E+01    0.12514E-01
    0.47700E+01    0.12404E-01
    0.47800E+01    0.12293E-01
    0.47900E+01    0.12183E-01
    0.48000E+01    0.12072E-01
    0.48100E+01    0.11961E-01
    0.48200E+01    0.11850E-01
    0.48300E+01    0.11739E-01
    0.48400E+01    0.11627E-01
    0.48500E+01    0.11515E-01
    0.48600E+01    0.11403E-01
    0.48700E+01    0.11290E-01
    0.48800E+01    0.11178E-01
    0.48900E+01    0.11065E-01
    0.49000E+01    0.10952E-01
    0.49100E+01    0.10839E-01
    0.49200E+01    0.10725E-01
    0.49300E+01    0.10611E-01
    0.49400E+01    0.10497E-01
    0.49500E+01    0.10383E-01
    0.49600E+01    0.10269E-01
    0.49700E+01    0.10154E-01
    0.49800E+01    0.10039E-01
    0.49900E+01    0.99242E-02
    0.50000E+01    0.98088E-02
    0.50100E+01    0.96932E-02
    0.50200E+01    0.95774E-02
    0.50300E+01    0.94613E-02
    0.50400E+01    0.93450E-02
    0.50500E+01    0.92285E-02
    0.50600E+01    0.91118E-02
    0.50700E+01    0.89948E-02
    0.50800E+01    0.88776E-02
    0.50900E+01    0.87602E-02
    0.51000E+01    0.86425E-02
    0.51100E+01    0.85246E-02
    0.51200E+01    0.84064E-02
    0.51300E+01    0.82881E-02
    0.51400E+01    0.81695E-02
    0.51500E+01    0.80507E-02
    0.51600E+01    0.79316E-02
    0.51700E+01    0.78123E-02
    0.51800E+01    0.76928E-02
    0.51900E+01    0.75730E-02
    0.52000E+01    0.74531E-02
    0.52100E+01    0.73328E-02
    0.52200E+01    0.72124E-02
    0.52300E+01    0.70917E-02
    0.52400E+01    0.69708E-02
    0.52500E+01    0.68497E-02
    0.52600E+01    0.67283E-02
    0.52700E+01    0.66067E-02
    0.52800E+01    0.64849E-02
    0.52900E+01    0.63628E-02
    0.53000E+01    0.62405E-02
    0.53100E+01    0.61180E-02
    0.53200E+01    0.59952E-02
    0.53300E+01    0.58722E-02
    0.53400E+01    0.57490E-02
    0.53500E+01    0.56256E-02
    0.53600E+01    0.55019E-02
    0.53700E+01    0.53780E-02
    0.53800E+01    0.52538E-02
    0.53900E+01    0.51295E-02
    0.54000E+01    0.50048E-02
    0.54100E+01    0.48800E-02
    0.54200E+01    0.47549E-02
    0.54300E+01    0.46296E-02
    0.54400E+01    0.45041E-02
    0.54500E+01    0.43783E-02
    0.54600E+01    0.42523E-02
    0.54700E+01    0.41261E-02
    0.54800E+01    0.39996E-02
    0.54900E+01    0.38729E-02
    0.55000E+01    0.37460E-02
    0.55100E+01    0.36188E-02
    0.55200E+01    0.34914E-02
    0.55300E+01    0.33638E-02
    0.55400E+01    0.32359E-02
    0.55500E+01    0.31078E-02
    0.55600E+01    0.29795E-02
    0.55700E+01    0.28509E-02
    0.55800E+01    0.27221E-02
    0.55900E+01    0.25930E-02
    0.56000E+01    0.24637E-02
    0.56100E+01    0.23342E-02
    0.56200E+01    0.22044E-02
    0.56300E+01    0.20744E-02
    0.56400E+01    0.19442E-02
    0.56500E+01    0.18137E-02
    0.56600E+01    0.16831E-02
    0.56700E+01    0.15523E-02
    0.56800E+01    0.14215E-02
    0.56900E+01    0.12909E-02
    0.57000E+01    0.11608E-02
    0.57100E+01    0.10315E-02
    0.57200E+01    0.90397E-03
    0.57300E+01    0.77913E-03
    0.57400E+01    0.65849E-03
    0.57500E+01    0.54396E-03
    0.57600E+01    0.43774E-03
    0.57700E+01    0.34213E-03
    0.57800E+01    0.25909E-03
    0.57900E+01    0.18987E-03
    0.58000E+01    0.13463E-03
    0.58100E+01    0.92473E-04
    0.58200E+01    0.61672E-04
    0.58300E+01    0.40052E-04
    0.58400E+01    0.25413E-04
    0.58500E+01    0.15804E-04
    0.58600E+01    0.96622E-05
    0.58700E+01    0.58227E-05
    0.58800E+01    0.34663E-05
    0.58900E+01    0.20424E-05
    0.59000E+01    0.11928E-05
    0.59100E+01    0.69136E-06
    0.59200E+01    0.39810E-06
    0.59300E+01    0.22791E-06
    0.59400E+01    0.12981E-06
    0.59500E+01    0.73603E-07
    0.59600E+01    0.41561E-07
    0.59700E+01    0.23381E-07
    0.59800E+01    0.13108E-07
    0.59900E+01    0.73257E-08
    0.60000E+01    0.40821E-08
    0.60100E+01    0.22685E-08
    0.60200E+01    0.12574E-08
    0.60300E+01    0.69527E-09
    0.60400E+01    0.38356E-09
    0.60500E+01    0.21114E-09
    0.60600E+01    0.11599E-09
    0.60700E+01    0.63586E-10
    0.60800E+01    0.34793E-10
    0.60900E+01    0.19003E-10
    0.61000E+01    0.10360E-10
    0.61100E+01    0.56383E-11
    0.61200E+01    0.30634E-11
    0.61300E+01    0.16617E-11
    0.61400E+01    0.89993E-12
    0.61500E+01    0.48662E-12
    0.61600E+01    0.26273E-12
    0.61700E+01    0.14163E-12
    0.61800E+01    0.76243E-13
    0.61900E+01    0.40983E-13
    0.62000E+01    0.21999E-13
    0.62100E+01    0.11792E-13
    0.62200E+01    0.63121E-14
    0.62300E+01    0.33743E-14
    0.62400E+01    0.18014E-14
    0.62500E+01    0.96041E-15
    0.62600E+01    0.51138E-15
    0.62700E+01    0.27194E-15
    0.62800E+01    0.14443E-15
    0.62900E+01    0.76609E-16
    0.63000E+01    0.40585E-16
    0.63100E+01    0.21474E-16
    0.63200E+01    0.11348E-16
    0.63300E+01    0.59898E-17
    0.63400E+01    0.31577E-17
    0.63500E+01    0.16627E-17
    0.63600E+01    0.87444E-18
    0.63700E+01    0.45934E-18
    0.63800E+01    0.24100E-18
    0.63900E+01    0.12630E-18
    0.64000E+01    0.66113E-19
    0.64100E+01    0.34567E-19
    0.64200E+01    0.18052E-19
    0.64300E+01    0.94168E-20
    0.64400E+01    0.49066E-20
    0.64500E+01    0.25537E-20
    0.64600E+01    0.13276E-20
    0.64700E+01    0.68937E-21
    0.64800E+01    0.35757E-21
    0.64900E+01    0.18526E-21
    0.65000E+01    0.95879E-22
    0.65100E+01    0.49566E-22
    0.65200E+01    0.25595E-22
    0.65300E+01    0.13202E-22
    0.65400E+01    0.68022E-23
    0.65500E+01    0.35009E-23
    0.65600E+01    0.17999E-23
    0.65700E+01    0.92431E-24
    0.65800E+01    0.47416E-24
    0.65900E+01    0.24297E-24
    0.66000E+01    0.12437E-24
    0.66100E+01    0.63591E-25
    0.66200E+01    0.32480E-25
    0.66300E+01    0.16571E-25
    0.66400E+01    0.84456E-26
    0.66500E+01    0.42997E-26
    0.66600E+01    0.21866E-26
    0.66700E+01    0.11108E-26
    0.66800E+01    0.56371E-27
    0.66900E+01    0.28576E-27
    0.67000E+01    0.14470E-27
    0.67100E+01    0.73196E-28
    0.67200E+01    0.36986E-28
    0.67300E+01    0.18669E-28
    0.67400E+01    0.94134E-29
    0.67500E+01    0.47414E-29
    0.67600E+01    0.23857E-29
    0.67700E+01    0.11991E-29
    0.67800E+01    0.60205E-30
    0.67900E+01    0.30196E-30
    0.68000E+01    0.15129E-30
    0.68100E+01    0.75722E-31
    0.68200E+01    0.37859E-31
    0.68300E+01    0.18908E-31
    0.68400E+01    0.94337E-32
    0.68500E+01    0.47017E-32
    0.68600E+01    0.23408E-32
    0.68700E+01    0.11642E-32
    0.68800E+01    0.57841E-33
    0.68900E+01    0.28707E-33
    0.69000E+01    0.14232E-33
    0.69100E+01    0.70487E-34
    0.69200E+01    0.34873E-34
    0.69300E+01    0.17235E-34
    0.69400E+01    0.85093E-35
    0.69500E+01    0.41968E-35
    0.69600E+01    0.20677E-35
    0.69700E+01    0.10176E-35
    0.69800E+01    0.50033E-36
    0.69900E+01    0.24573E-36
    0.70000E+01    0.12056E-36
    0.70100E+01    0.59091E-37
    0.70200E+01    0.28931E-37
    0.70300E+01    0.14150E-37
    0.70400E+01    0.69137E-38
    0.70500E+01    0.33745E-38
    0.70600E+01    0.16453E-38
    0.70700E+01    0.80139E-39
    0.70800E+01    0.38993E-39
    0.70900E+01    0.18953E-39
    0.71000E+01    0.92027E-40
    0.71100E+01    0.44638E-40
    0.71200E+01    0.21629E-40
    0.71300E+01    0.10470E-40
    0.71400E+01    0.50625E-41
    0.71500E+01    0.24454E-41
    0.71600E+01    0.11800E-41
    0.71700E+01    0.56883E-42
    0.71800E+01    0.27392E-42
    0.71900E+01    0.13177E-42
    0.72000E+01    0.63322E-43
    0.72100E+01    0.30398E-43
    0.72200E+01    0.14578E-43
    0.72300E+01    0.69837E-44
    0.72400E+01    0.33422E-44
    0.72500E+01    0.15978E-44
    0.72600E+01    0.76309E-45
    0.72700E+01    0.36406E-45
    0.72800E+01    0.17351E-45
    0.72900E+01    0.82610E-46
    0.73000E+01    0.39290E-46
    0.73100E+01    0.18668E-46
    0.73200E+01    0.88604E-47
    0.73300E+01    0.42011E-47
    0.73400E+01    0.19899E-47
    0.73500E+01    0.94155E-48
    0.73600E+01    0.44506E-48
    0.73700E+01    0.21015E-48
    0.73800E+01    0.99131E-49
    0.73900E+01    0.46713E-49
    0.74000E+01    0.21989E-49
    0.74100E+01    0.10341E-49
    0.74200E+01    0.48577E-50
    0.74300E+01    0.22796E-50
    0.74400E+01    0.10687E-50
    0.74500E+01    0.50050E-51
    0.74600E+01    0.23415E-51
    0.74700E+01    0.10943E-51
    0.74800E+01    0.51092E-52
    0.74900E+01    0.23829E-52
    0.75000E+01    0.11102E-52
    0.75100E+01    0.51675E-53
    0.75200E+01    0.24027E-53
    0.75300E+01    0.11160E-53
    0.75400E+01    0.51784E-54
    0.75500E+01    0.24003E-54
    0.75600E+01    0.11115E-54
    0.75700E+01    0.51414E-55
    0.75800E+01    0.23759E-55
    0.75900E+01    0.10968E-55
    0.76000E+01    0.50578E-56
    0.76100E+01    0.23300E-56
    0.76200E+01    0.10723E-56
    0.76300E+01    0.49297E-57
    0.76400E+01    0.22640E-57
    0.76500E+01    0.10387E-57
    0.76600E+01    0.47607E-58
    0.76700E+01    0.21797E-58
    0.76800E+01    0.99694E-59
    0.76900E+01    0.45551E-59
    0.77000E+01    0.20792E-59
    0.77100E+01    0.94805E-60
    0.77200E+01    0.43184E-60
    0.77300E+01    0.19650E-60
    0.77400E+01    0.89326E-61
    0.77500E+01    0.40563E-61
    0.77600E+01    0.18401E-61
    0.77700E+01    0.83390E-62
    0.77800E+01    0.37751E-62
    0.77900E+01    0.17073E-62
    0.78000E+01    0.77133E-63
    0.78100E+01    0.34812E-63
    0.78200E+01    0.15695E-63
    0.78300E+01    0.70690E-64
    0.78400E+01    0.31806E-64
    0.78500E+01    0.14296E-64
    0.78600E+01    0.64189E-65
    0.78700E+01    0.28792E-65
    0.78800E+01    0.12902E-65
    0.78900E+01    0.57751E-66
    0.79000E+01    0.25825E-66
    0.79100E+01    0.11536E-66
    0.79200E+01    0.51482E-67
    0.79300E+01    0.22951E-67
    0.79400E+01    0.10221E-67
    0.79500E+01    0.45471E-68
    0.79600E+01    0.20209E-68
    0.79700E+01    0.89723E-69
    0.79800E+01    0.39794E-69
    0.79900E+01    0.17631E-69
    0.80000E+01    0.78038E-70
    0.80100E+01    0.34505E-70
    0.80200E+01    0.15241E-70
    0.80300E+01    0.67252E-71
    0.80400E+01    0.29645E-71
    0.80500E+01    0.13054E-71
    0.80600E+01    0.57425E-72
    0.80700E+01    0.25235E-72
    0.80800E+01    0.11078E-72
    0.80900E+01    0.48584E-73
    0.81000E+01    0.21285E-73
    0.81100E+01    0.93152E-74
    0.81200E+01    0.40726E-74
    0.81300E+01    0.17787E-74
    0.81400E+01    0.77608E-75
    0.81500E+01    0.33826E-75
    0.81600E+01    0.14728E-75
    0.81700E+01    0.64064E-76
    0.81800E+01    0.27837E-76
    0.81900E+01    0.12084E-76
    0.82000E+01    0.52398E-77
    0.82100E+01    0.22698E-77
    0.82200E+01    0.98227E-78
    0.82300E+01    0.42464E-78
    0.82400E+01    0.18338E-78
    0.82500E+01    0.79115E-79
    0.82600E+01    0.34097E-79
    0.82700E+01    0.14680E-79
    0.82800E+01    0.63137E-80
    0.82900E+01    0.27127E-80
    0.83000E+01    0.11643E-80
    0.83100E+01    0.49924E-81
    0.83200E+01    0.21384E-81
    0.83300E+01    0.91502E-82
    0.83400E+01    0.39114E-82
    0.83500E+01    0.16702E-82
    0.83600E+01    0.71250E-83
    0.83700E+01    0.30363E-83
    0.83800E+01    0.12926E-83
    0.83900E+01    0.54970E-84
    0.84000E+01    0.23354E-84
    0.84100E+01    0.99114E-85
    0.84200E+01    0.42021E-85
    0.84300E+01    0.17798E-85
    0.84400E+01    0.75302E-86
    0.84500E+01    0.31828E-86
    0.84600E+01    0.13439E-86
    0.84700E+01    0.56686E-87
    0.84800E+01    0.23886E-87
    0.84900E+01    0.10055E-87
    0.85000E+01    0.42281E-88
    0.85100E+01    0.17761E-88
    0.85200E+01    0.74535E-89
    0.85300E+01    0.31247E-89
    0.85400E+01    0.13086E-89
    0.85500E+01    0.54746E-90
    0.85600E+01    0.22880E-90
    0.85700E+01    0.95527E-91
    0.85800E+01    0.39842E-91
    0.85900E+01    0.16600E-91
    0.86000E+01    0.69095E-92
    0.86100E+01    0.28730E-92
    0.86200E+01    0.11934E-92
    0.86300E+01    0.49519E-93
    0.86400E+01    0.20527E-93
    0.86500E+01    0.85001E-94
    0.86600E+01    0.35163E-94
    0.86700E+01    0.14531E-94
    0.86800E+01    0.59989E-95
    0.86900E+01    0.24740E-95
    0.87000E+01    0.10192E-95
    0.87100E+01    0.41948E-96
    0.87200E+01    0.17247E-96
    0.87300E+01    0.70835E-97
    0.87400E+01    0.29064E-97
    0.87500E+01    0.11913E-97
    0.87600E+01    0.48777E-98
    0.87700E+01    0.19952E-98
    0.87800E+01    0.81528E-99
    0.87900E+01    0.33280E-99
    0.88000E+01    0.13571E-99
    0.88100E+01    0.55285-100
    0.88200E+01    0.22498-100
    0.88300E+01    0.91464-101
    0.88400E+01    0.37145-101
    0.88500E+01    0.15070-101
    0.88600E+01    0.61076-102
    0.88700E+01    0.24728-102
    0.88800E+01    0.10002-102
    0.88900E+01    0.40411-103
    0.89000E+01    0.16311-103
    0.89100E+01    0.65769-104
    0.89200E+01    0.26492-104
    0.89300E+01    0.10660-104
    0.89400E+01    0.42852-105
    0.89500E+01    0.17208-105
    0.89600E+01    0.69031-106
    0.89700E+01    0.27664-106
    0.89800E+01    0.11075-106
    0.89900E+01    0.44291-107
    0.90000E+01    0.17695-107
    0.90100E+01    0.70623-108
    0.90200E+01    0.28157-108
    0.90300E+01    0.11215-108
    0.90400E+01    0.44622-109
    0.90500E+01    0.17736-109
    0.90600E+01    0.70424-110
    0.90700E+01    0.27935-110
    0.90800E+01    0.11069-110
    0.90900E+01    0.43818-111
    0.91000E+01    0.17328-111
    0.91100E+01    0.68451-112
    0.91200E+01    0.27013-112
    0.91300E+01    0.10649-112
    0.91400E+01    0.41941-113
    0.91500E+01    0.16500-113
    0.91600E+01    0.64850-114
    0.91700E+01    0.25462-114
    0.91800E+01    0.99865-115
    0.91900E+01    0.39129-115
    0.92000E+01    0.15315-115
    0.92100E+01    0.59886-116
    0.92200E+01    0.23392-116
    0.92300E+01    0.91279-117
    0.92400E+01    0.35582-117
    0.92500E+01    0.13856-117
    0.92600E+01    0.53902-118
    0.92700E+01    0.20947-118
    0.92800E+01    0.81322-119
    0.92900E+01    0.31538-119
    0.93000E+01    0.12219-119
    0.93100E+01    0.47290-120
    0.93200E+01    0.18284-120
    0.93300E+01    0.70618-121
    0.93400E+01    0.27247-121
    0.93500E+01    0.10502-121
    0.93600E+01    0.40439-122
    0.93700E+01    0.15555-122
    0.93800E+01    0.59772-123
    0.93900E+01    0.22945-123
    0.94000E+01    0.87987-124
    0.94100E+01    0.33706-124
    0.94200E+01    0.12899-124
    0.94300E+01    0.49313-125
    0.94400E+01    0.18833-125
    0.94500E+01    0.71850-126
    0.94600E+01    0.27384-126
    0.94700E+01    0.10426-126
    0.94800E+01    0.39654-127
    0.94900E+01    0.15067-127
    0.95000E+01    0.57188-128
    0.95100E+01    0.21684-128
    0.95200E+01    0.82138-129
    0.95300E+01    0.31081-129
    0.95400E+01    0.11749-129
    0.95500E+01    0.44367-130
    0.95600E+01    0.16737-130
    0.95700E+01    0.63073-131
    0.95800E+01    0.23745-131
    0.95900E+01    0.89300-132
    0.96000E+01    0.33549-132
    0.96100E+01    0.12591-132
    0.96200E+01    0.47208-133
    0.96300E+01    0.17681-133
    0.96400E+01    0.66156-134
    0.96500E+01    0.24727-134
    0.96600E+01    0.92330-135
    0.96700E+01    0.34440-135
    0.96800E+01    0.12833-135
    0.96900E+01    0.47771-136
    0.97000E+01    0.17764-136
    0.97100E+01    0.65991-137
    0.97200E+01    0.24489-137
    0.97300E+01    0.90786-138
    0.97400E+01    0.33622-138
    0.97500E+01    0.12439-138
    0.97600E+01    0.45972-139
    0.97700E+01    0.16973-139
    0.97800E+01    0.62600-140
    0.97900E+01    0.23065-140
    0.98000E+01    0.84895-141
    0.98100E+01    0.31215-141
    0.98200E+01    0.11466-141
    0.98300E+01    0.42073-142
    0.98400E+01    0.15422-142
    0.98500E+01    0.56475-143
    0.98600E+01    0.20659-143
    0.98700E+01    0.75496-144
    0.98800E+01    0.27561-144
    0.98900E+01    0.10051-144
    0.99000E+01    0.36618-145
    0.99100E+01    0.13327-145
    0.99200E+01    0.48452-146
    0.99300E+01    0.17597-146
    0.99400E+01    0.63848-147
    0.99500E+01    0.23142-147
    0.99600E+01    0.83792-148
    0.99700E+01    0.30308-148
    0.99800E+01    0.10952-148
    0.99900E+01    0.39532-149
