    0.10000E-01    0.62038E+00
    0.20000E-01    0.62033E+00
    0.30000E-01    0.62026E+00
    0.40000E-01    0.62015E+00
    0.50000E-01    0.62002E+00
    0.60000E-01    0.61986E+00
    0.70000E-01    0.61966E+00
    0.80000E-01    0.61944E+00
    0.90000E-01    0.61919E+00
    0.10000E+00    0.61891E+00
    0.11000E+00    0.61860E+00
    0.12000E+00    0.61826E+00
    0.13000E+00    0.61789E+00
    0.14000E+00    0.61748E+00
    0.15000E+00    0.61705E+00
    0.16000E+00    0.61659E+00
    0.17000E+00    0.61611E+00
    0.18000E+00    0.61559E+00
    0.19000E+00    0.61504E+00
    0.20000E+00    0.61446E+00
    0.21000E+00    0.61385E+00
    0.22000E+00    0.61321E+00
    0.23000E+00    0.61254E+00
    0.24000E+00    0.61184E+00
    0.25000E+00    0.61112E+00
    0.26000E+00    0.61036E+00
    0.27000E+00    0.60957E+00
    0.28000E+00    0.60875E+00
    0.29000E+00    0.60791E+00
    0.30000E+00    0.60703E+00
    0.31000E+00    0.60612E+00
    0.32000E+00    0.60518E+00
    0.33000E+00    0.60422E+00
    0.34000E+00    0.60322E+00
    0.35000E+00    0.60219E+00
    0.36000E+00    0.60113E+00
    0.37000E+00    0.60005E+00
    0.38000E+00    0.59893E+00
    0.39000E+00    0.59778E+00
    0.40000E+00    0.59660E+00
    0.41000E+00    0.59540E+00
    0.42000E+00    0.59416E+00
    0.43000E+00    0.59289E+00
    0.44000E+00    0.59159E+00
    0.45000E+00    0.59026E+00
    0.46000E+00    0.58890E+00
    0.47000E+00    0.58751E+00
    0.48000E+00    0.58609E+00
    0.49000E+00    0.58465E+00
    0.50000E+00    0.58317E+00
    0.51000E+00    0.58165E+00
    0.52000E+00    0.58011E+00
    0.53000E+00    0.57854E+00
    0.54000E+00    0.57694E+00
    0.55000E+00    0.57531E+00
    0.56000E+00    0.57365E+00
    0.57000E+00    0.57196E+00
    0.58000E+00    0.57023E+00
    0.59000E+00    0.56848E+00
    0.60000E+00    0.56670E+00
    0.61000E+00    0.56489E+00
    0.62000E+00    0.56304E+00
    0.63000E+00    0.56117E+00
    0.64000E+00    0.55926E+00
    0.65000E+00    0.55733E+00
    0.66000E+00    0.55536E+00
    0.67000E+00    0.55337E+00
    0.68000E+00    0.55134E+00
    0.69000E+00    0.54929E+00
    0.70000E+00    0.54720E+00
    0.71000E+00    0.54509E+00
    0.72000E+00    0.54294E+00
    0.73000E+00    0.54077E+00
    0.74000E+00    0.53856E+00
    0.75000E+00    0.53633E+00
    0.76000E+00    0.53406E+00
    0.77000E+00    0.53176E+00
    0.78000E+00    0.52944E+00
    0.79000E+00    0.52709E+00
    0.80000E+00    0.52470E+00
    0.81000E+00    0.52229E+00
    0.82000E+00    0.51984E+00
    0.83000E+00    0.51737E+00
    0.84000E+00    0.51487E+00
    0.85000E+00    0.51234E+00
    0.86000E+00    0.50978E+00
    0.87000E+00    0.50719E+00
    0.88000E+00    0.50457E+00
    0.89000E+00    0.50193E+00
    0.90000E+00    0.49925E+00
    0.91000E+00    0.49655E+00
    0.92000E+00    0.49382E+00
    0.93000E+00    0.49106E+00
    0.94000E+00    0.48827E+00
    0.95000E+00    0.48545E+00
    0.96000E+00    0.48261E+00
    0.97000E+00    0.47974E+00
    0.98000E+00    0.47684E+00
    0.99000E+00    0.47392E+00
    0.10000E+01    0.47097E+00
    0.10100E+01    0.46799E+00
    0.10200E+01    0.46498E+00
    0.10300E+01    0.46195E+00
    0.10400E+01    0.45890E+00
    0.10500E+01    0.45581E+00
    0.10600E+01    0.45271E+00
    0.10700E+01    0.44958E+00
    0.10800E+01    0.44642E+00
    0.10900E+01    0.44324E+00
    0.11000E+01    0.44003E+00
    0.11100E+01    0.43680E+00
    0.11200E+01    0.43355E+00
    0.11300E+01    0.43027E+00
    0.11400E+01    0.42698E+00
    0.11500E+01    0.42366E+00
    0.11600E+01    0.42031E+00
    0.11700E+01    0.41695E+00
    0.11800E+01    0.41356E+00
    0.11900E+01    0.41016E+00
    0.12000E+01    0.40673E+00
    0.12100E+01    0.40328E+00
    0.12200E+01    0.39982E+00
    0.12300E+01    0.39633E+00
    0.12400E+01    0.39283E+00
    0.12500E+01    0.38931E+00
    0.12600E+01    0.38577E+00
    0.12700E+01    0.38222E+00
    0.12800E+01    0.37864E+00
    0.12900E+01    0.37506E+00
    0.13000E+01    0.37145E+00
    0.13100E+01    0.36784E+00
    0.13200E+01    0.36420E+00
    0.13300E+01    0.36056E+00
    0.13400E+01    0.35690E+00
    0.13500E+01    0.35323E+00
    0.13600E+01    0.34955E+00
    0.13700E+01    0.34585E+00
    0.13800E+01    0.34215E+00
    0.13900E+01    0.33844E+00
    0.14000E+01    0.33471E+00
    0.14100E+01    0.33098E+00
    0.14200E+01    0.32724E+00
    0.14300E+01    0.32350E+00
    0.14400E+01    0.31974E+00
    0.14500E+01    0.31599E+00
    0.14600E+01    0.31223E+00
    0.14700E+01    0.30846E+00
    0.14800E+01    0.30469E+00
    0.14900E+01    0.30092E+00
    0.15000E+01    0.29714E+00
    0.15100E+01    0.29337E+00
    0.15200E+01    0.28959E+00
    0.15300E+01    0.28582E+00
    0.15400E+01    0.28205E+00
    0.15500E+01    0.27828E+00
    0.15600E+01    0.27451E+00
    0.15700E+01    0.27075E+00
    0.15800E+01    0.26699E+00
    0.15900E+01    0.26323E+00
    0.16000E+01    0.25949E+00
    0.16100E+01    0.25575E+00
    0.16200E+01    0.25202E+00
    0.16300E+01    0.24829E+00
    0.16400E+01    0.24458E+00
    0.16500E+01    0.24088E+00
    0.16600E+01    0.23719E+00
    0.16700E+01    0.23351E+00
    0.16800E+01    0.22985E+00
    0.16900E+01    0.22619E+00
    0.17000E+01    0.22256E+00
    0.17100E+01    0.21894E+00
    0.17200E+01    0.21533E+00
    0.17300E+01    0.21175E+00
    0.17400E+01    0.20818E+00
    0.17500E+01    0.20463E+00
    0.17600E+01    0.20110E+00
    0.17700E+01    0.19759E+00
    0.17800E+01    0.19410E+00
    0.17900E+01    0.19064E+00
    0.18000E+01    0.18719E+00
    0.18100E+01    0.18377E+00
    0.18200E+01    0.18038E+00
    0.18300E+01    0.17701E+00
    0.18400E+01    0.17366E+00
    0.18500E+01    0.17034E+00
    0.18600E+01    0.16705E+00
    0.18700E+01    0.16379E+00
    0.18800E+01    0.16056E+00
    0.18900E+01    0.15735E+00
    0.19000E+01    0.15418E+00
    0.19100E+01    0.15103E+00
    0.19200E+01    0.14792E+00
    0.19300E+01    0.14483E+00
    0.19400E+01    0.14178E+00
    0.19500E+01    0.13877E+00
    0.19600E+01    0.13578E+00
    0.19700E+01    0.13283E+00
    0.19800E+01    0.12991E+00
    0.19900E+01    0.12703E+00
    0.20000E+01    0.12418E+00
    0.20100E+01    0.12137E+00
    0.20200E+01    0.11860E+00
    0.20300E+01    0.11586E+00
    0.20400E+01    0.11315E+00
    0.20500E+01    0.11048E+00
    0.20600E+01    0.10785E+00
    0.20700E+01    0.10526E+00
    0.20800E+01    0.10271E+00
    0.20900E+01    0.10019E+00
    0.21000E+01    0.97709E-01
    0.21100E+01    0.95268E-01
    0.21200E+01    0.92865E-01
    0.21300E+01    0.90500E-01
    0.21400E+01    0.88174E-01
    0.21500E+01    0.85887E-01
    0.21600E+01    0.83638E-01
    0.21700E+01    0.81427E-01
    0.21800E+01    0.79256E-01
    0.21900E+01    0.77123E-01
    0.22000E+01    0.75029E-01
    0.22100E+01    0.72973E-01
    0.22200E+01    0.70956E-01
    0.22300E+01    0.68977E-01
    0.22400E+01    0.67036E-01
    0.22500E+01    0.65134E-01
    0.22600E+01    0.63269E-01
    0.22700E+01    0.61442E-01
    0.22800E+01    0.59653E-01
    0.22900E+01    0.57901E-01
    0.23000E+01    0.56186E-01
    0.23100E+01    0.54508E-01
    0.23200E+01    0.52867E-01
    0.23300E+01    0.51262E-01
    0.23400E+01    0.49693E-01
    0.23500E+01    0.48159E-01
    0.23600E+01    0.46661E-01
    0.23700E+01    0.45198E-01
    0.23800E+01    0.43769E-01
    0.23900E+01    0.42375E-01
    0.24000E+01    0.41014E-01
    0.24100E+01    0.39687E-01
    0.24200E+01    0.38393E-01
    0.24300E+01    0.37132E-01
    0.24400E+01    0.35902E-01
    0.24500E+01    0.34704E-01
    0.24600E+01    0.33538E-01
    0.24700E+01    0.32402E-01
    0.24800E+01    0.31297E-01
    0.24900E+01    0.30222E-01
    0.25000E+01    0.29176E-01
    0.25100E+01    0.28159E-01
    0.25200E+01    0.27170E-01
    0.25300E+01    0.26209E-01
    0.25400E+01    0.25276E-01
    0.25500E+01    0.24369E-01
    0.25600E+01    0.23489E-01
    0.25700E+01    0.22635E-01
    0.25800E+01    0.21806E-01
    0.25900E+01    0.21003E-01
    0.26000E+01    0.20223E-01
    0.26100E+01    0.19468E-01
    0.26200E+01    0.18735E-01
    0.26300E+01    0.18026E-01
    0.26400E+01    0.17339E-01
    0.26500E+01    0.16674E-01
    0.26600E+01    0.16030E-01
    0.26700E+01    0.15408E-01
    0.26800E+01    0.14805E-01
    0.26900E+01    0.14223E-01
    0.27000E+01    0.13660E-01
    0.27100E+01    0.13115E-01
    0.27200E+01    0.12590E-01
    0.27300E+01    0.12082E-01
    0.27400E+01    0.11591E-01
    0.27500E+01    0.11118E-01
    0.27600E+01    0.10662E-01
    0.27700E+01    0.10221E-01
    0.27800E+01    0.97963E-02
    0.27900E+01    0.93867E-02
    0.28000E+01    0.89920E-02
    0.28100E+01    0.86117E-02
    0.28200E+01    0.82453E-02
    0.28300E+01    0.78926E-02
    0.28400E+01    0.75530E-02
    0.28500E+01    0.72262E-02
    0.28600E+01    0.69118E-02
    0.28700E+01    0.66094E-02
    0.28800E+01    0.63186E-02
    0.28900E+01    0.60391E-02
    0.29000E+01    0.57705E-02
    0.29100E+01    0.55125E-02
    0.29200E+01    0.52647E-02
    0.29300E+01    0.50267E-02
    0.29400E+01    0.47983E-02
    0.29500E+01    0.45792E-02
    0.29600E+01    0.43689E-02
    0.29700E+01    0.41673E-02
    0.29800E+01    0.39739E-02
    0.29900E+01    0.37886E-02
    0.30000E+01    0.36111E-02
    0.30100E+01    0.34410E-02
    0.30200E+01    0.32781E-02
    0.30300E+01    0.31221E-02
    0.30400E+01    0.29729E-02
    0.30500E+01    0.28300E-02
    0.30600E+01    0.26934E-02
    0.30700E+01    0.25627E-02
    0.30800E+01    0.24378E-02
    0.30900E+01    0.23184E-02
    0.31000E+01    0.22043E-02
    0.31100E+01    0.20953E-02
    0.31200E+01    0.19911E-02
    0.31300E+01    0.18918E-02
    0.31400E+01    0.17969E-02
    0.31500E+01    0.17063E-02
    0.31600E+01    0.16200E-02
    0.31700E+01    0.15376E-02
    0.31800E+01    0.14591E-02
    0.31900E+01    0.13842E-02
    0.32000E+01    0.13129E-02
    0.32100E+01    0.12449E-02
    0.32200E+01    0.11802E-02
    0.32300E+01    0.11186E-02
    0.32400E+01    0.10599E-02
    0.32500E+01    0.10040E-02
    0.32600E+01    0.95092E-03
    0.32700E+01    0.90039E-03
    0.32800E+01    0.85234E-03
    0.32900E+01    0.80666E-03
    0.33000E+01    0.76324E-03
    0.33100E+01    0.72199E-03
    0.33200E+01    0.68281E-03
    0.33300E+01    0.64560E-03
    0.33400E+01    0.61027E-03
    0.33500E+01    0.57673E-03
    0.33600E+01    0.54491E-03
    0.33700E+01    0.51472E-03
    0.33800E+01    0.48609E-03
    0.33900E+01    0.45895E-03
    0.34000E+01    0.43321E-03
    0.34100E+01    0.40883E-03
    0.34200E+01    0.38572E-03
    0.34300E+01    0.36384E-03
    0.34400E+01    0.34311E-03
    0.34500E+01    0.32349E-03
    0.34600E+01    0.30492E-03
    0.34700E+01    0.28735E-03
    0.34800E+01    0.27073E-03
    0.34900E+01    0.25500E-03
    0.35000E+01    0.24014E-03
    0.35100E+01    0.22609E-03
    0.35200E+01    0.21281E-03
    0.35300E+01    0.20027E-03
    0.35400E+01    0.18842E-03
    0.35500E+01    0.17723E-03
    0.35600E+01    0.16666E-03
    0.35700E+01    0.15669E-03
    0.35800E+01    0.14728E-03
    0.35900E+01    0.13841E-03
    0.36000E+01    0.13004E-03
    0.36100E+01    0.12214E-03
    0.36200E+01    0.11470E-03
    0.36300E+01    0.10769E-03
    0.36400E+01    0.10108E-03
    0.36500E+01    0.94859E-04
    0.36600E+01    0.88998E-04
    0.36700E+01    0.83480E-04
    0.36800E+01    0.78286E-04
    0.36900E+01    0.73399E-04
    0.37000E+01    0.68800E-04
    0.37100E+01    0.64475E-04
    0.37200E+01    0.60408E-04
    0.37300E+01    0.56585E-04
    0.37400E+01    0.52991E-04
    0.37500E+01    0.49615E-04
    0.37600E+01    0.46442E-04
    0.37700E+01    0.43463E-04
    0.37800E+01    0.40666E-04
    0.37900E+01    0.38040E-04
    0.38000E+01    0.35575E-04
    0.38100E+01    0.33263E-04
    0.38200E+01    0.31093E-04
    0.38300E+01    0.29059E-04
    0.38400E+01    0.27151E-04
    0.38500E+01    0.25363E-04
    0.38600E+01    0.23688E-04
    0.38700E+01    0.22118E-04
    0.38800E+01    0.20647E-04
    0.38900E+01    0.19270E-04
    0.39000E+01    0.17981E-04
    0.39100E+01    0.16774E-04
    0.39200E+01    0.15644E-04
    0.39300E+01    0.14588E-04
    0.39400E+01    0.13599E-04
    0.39500E+01    0.12675E-04
    0.39600E+01    0.11811E-04
    0.39700E+01    0.11003E-04
    0.39800E+01    0.10249E-04
    0.39900E+01    0.95436E-05
    0.40000E+01    0.88850E-05
    0.40100E+01    0.82700E-05
    0.40200E+01    0.76958E-05
    0.40300E+01    0.71599E-05
    0.40400E+01    0.66598E-05
    0.40500E+01    0.61933E-05
    0.40600E+01    0.57581E-05
    0.40700E+01    0.53524E-05
    0.40800E+01    0.49741E-05
    0.40900E+01    0.46215E-05
    0.41000E+01    0.42930E-05
    0.41100E+01    0.39869E-05
    0.41200E+01    0.37018E-05
    0.41300E+01    0.34363E-05
    0.41400E+01    0.31892E-05
    0.41500E+01    0.29592E-05
    0.41600E+01    0.27451E-05
    0.41700E+01    0.25460E-05
    0.41800E+01    0.23608E-05
    0.41900E+01    0.21886E-05
    0.42000E+01    0.20285E-05
    0.42100E+01    0.18797E-05
    0.42200E+01    0.17414E-05
    0.42300E+01    0.16129E-05
    0.42400E+01    0.14936E-05
    0.42500E+01    0.13828E-05
    0.42600E+01    0.12800E-05
    0.42700E+01    0.11845E-05
    0.42800E+01    0.10959E-05
    0.42900E+01    0.10137E-05
    0.43000E+01    0.93748E-06
    0.43100E+01    0.86679E-06
    0.43200E+01    0.80125E-06
    0.43300E+01    0.74051E-06
    0.43400E+01    0.68422E-06
    0.43500E+01    0.63207E-06
    0.43600E+01    0.58376E-06
    0.43700E+01    0.53903E-06
    0.43800E+01    0.49762E-06
    0.43900E+01    0.45929E-06
    0.44000E+01    0.42381E-06
    0.44100E+01    0.39100E-06
    0.44200E+01    0.36064E-06
    0.44300E+01    0.33257E-06
    0.44400E+01    0.30661E-06
    0.44500E+01    0.28262E-06
    0.44600E+01    0.26045E-06
    0.44700E+01    0.23997E-06
    0.44800E+01    0.22105E-06
    0.44900E+01    0.20357E-06
    0.45000E+01    0.18744E-06
    0.45100E+01    0.17255E-06
    0.45200E+01    0.15880E-06
    0.45300E+01    0.14612E-06
    0.45400E+01    0.13442E-06
    0.45500E+01    0.12364E-06
    0.45600E+01    0.11369E-06
    0.45700E+01    0.10452E-06
    0.45800E+01    0.96068E-07
    0.45900E+01    0.88282E-07
    0.46000E+01    0.81108E-07
    0.46100E+01    0.74502E-07
    0.46200E+01    0.68418E-07
    0.46300E+01    0.62818E-07
    0.46400E+01    0.57663E-07
    0.46500E+01    0.52920E-07
    0.46600E+01    0.48557E-07
    0.46700E+01    0.44544E-07
    0.46800E+01    0.40853E-07
    0.46900E+01    0.37460E-07
    0.47000E+01    0.34342E-07
    0.47100E+01    0.31476E-07
    0.47200E+01    0.28843E-07
    0.47300E+01    0.26425E-07
    0.47400E+01    0.24204E-07
    0.47500E+01    0.22165E-07
    0.47600E+01    0.20294E-07
    0.47700E+01    0.18576E-07
    0.47800E+01    0.17000E-07
    0.47900E+01    0.15555E-07
    0.48000E+01    0.14229E-07
    0.48100E+01    0.13014E-07
    0.48200E+01    0.11899E-07
    0.48300E+01    0.10878E-07
    0.48400E+01    0.99425E-08
    0.48500E+01    0.90853E-08
    0.48600E+01    0.83003E-08
    0.48700E+01    0.75814E-08
    0.48800E+01    0.69233E-08
    0.48900E+01    0.63210E-08
    0.49000E+01    0.57698E-08
    0.49100E+01    0.52656E-08
    0.49200E+01    0.48044E-08
    0.49300E+01    0.43827E-08
    0.49400E+01    0.39971E-08
    0.49500E+01    0.36446E-08
    0.49600E+01    0.33225E-08
    0.49700E+01    0.30283E-08
    0.49800E+01    0.27595E-08
    0.49900E+01    0.25140E-08
    0.50000E+01    0.22899E-08
    0.50100E+01    0.20853E-08
    0.50200E+01    0.18985E-08
    0.50300E+01    0.17282E-08
    0.50400E+01    0.15728E-08
    0.50500E+01    0.14310E-08
    0.50600E+01    0.13018E-08
    0.50700E+01    0.11839E-08
    0.50800E+01    0.10765E-08
    0.50900E+01    0.97866E-09
    0.51000E+01    0.88951E-09
    0.51100E+01    0.80830E-09
    0.51200E+01    0.73435E-09
    0.51300E+01    0.66702E-09
    0.51400E+01    0.60574E-09
    0.51500E+01    0.54997E-09
    0.51600E+01    0.49922E-09
    0.51700E+01    0.45307E-09
    0.51800E+01    0.41109E-09
    0.51900E+01    0.37292E-09
    0.52000E+01    0.33823E-09
    0.52100E+01    0.30669E-09
    0.52200E+01    0.27804E-09
    0.52300E+01    0.25201E-09
    0.52400E+01    0.22837E-09
    0.52500E+01    0.20690E-09
    0.52600E+01    0.18741E-09
    0.52700E+01    0.16972E-09
    0.52800E+01    0.15367E-09
    0.52900E+01    0.13911E-09
    0.53000E+01    0.12590E-09
    0.53100E+01    0.11391E-09
    0.53200E+01    0.10305E-09
    0.53300E+01    0.93207E-10
    0.53400E+01    0.84284E-10
    0.53500E+01    0.76199E-10
    0.53600E+01    0.68875E-10
    0.53700E+01    0.62241E-10
    0.53800E+01    0.56235E-10
    0.53900E+01    0.50797E-10
    0.54000E+01    0.45876E-10
    0.54100E+01    0.41422E-10
    0.54200E+01    0.37393E-10
    0.54300E+01    0.33749E-10
    0.54400E+01    0.30453E-10
    0.54500E+01    0.27473E-10
    0.54600E+01    0.24780E-10
    0.54700E+01    0.22346E-10
    0.54800E+01    0.20147E-10
    0.54900E+01    0.18160E-10
    0.55000E+01    0.16366E-10
    0.55100E+01    0.14746E-10
    0.55200E+01    0.13284E-10
    0.55300E+01    0.11964E-10
    0.55400E+01    0.10773E-10
    0.55500E+01    0.96980E-11
    0.55600E+01    0.87288E-11
    0.55700E+01    0.78548E-11
    0.55800E+01    0.70668E-11
    0.55900E+01    0.63565E-11
    0.56000E+01    0.57165E-11
    0.56100E+01    0.51397E-11
    0.56200E+01    0.46202E-11
    0.56300E+01    0.41523E-11
    0.56400E+01    0.37310E-11
    0.56500E+01    0.33518E-11
    0.56600E+01    0.30105E-11
    0.56700E+01    0.27033E-11
    0.56800E+01    0.24270E-11
    0.56900E+01    0.21785E-11
    0.57000E+01    0.19550E-11
    0.57100E+01    0.17540E-11
    0.57200E+01    0.15734E-11
    0.57300E+01    0.14111E-11
    0.57400E+01    0.12653E-11
    0.57500E+01    0.11343E-11
    0.57600E+01    0.10166E-11
    0.57700E+01    0.91097E-12
    0.57800E+01    0.81614E-12
    0.57900E+01    0.73102E-12
    0.58000E+01    0.65465E-12
    0.58100E+01    0.58613E-12
    0.58200E+01    0.52467E-12
    0.58300E+01    0.46955E-12
    0.58400E+01    0.42014E-12
    0.58500E+01    0.37585E-12
    0.58600E+01    0.33616E-12
    0.58700E+01    0.30059E-12
    0.58800E+01    0.26874E-12
    0.58900E+01    0.24020E-12
    0.59000E+01    0.21466E-12
    0.59100E+01    0.19179E-12
    0.59200E+01    0.17132E-12
    0.59300E+01    0.15300E-12
    0.59400E+01    0.13661E-12
    0.59500E+01    0.12195E-12
    0.59600E+01    0.10885E-12
    0.59700E+01    0.97126E-13
    0.59800E+01    0.86651E-13
    0.59900E+01    0.77289E-13
    0.60000E+01    0.68924E-13
    0.60100E+01    0.61451E-13
    0.60200E+01    0.54777E-13
    0.60300E+01    0.48818E-13
    0.60400E+01    0.43498E-13
    0.60500E+01    0.38750E-13
    0.60600E+01    0.34513E-13
    0.60700E+01    0.30732E-13
    0.60800E+01    0.27360E-13
    0.60900E+01    0.24353E-13
    0.61000E+01    0.21672E-13
    0.61100E+01    0.19282E-13
    0.61200E+01    0.17152E-13
    0.61300E+01    0.15254E-13
    0.61400E+01    0.13563E-13
    0.61500E+01    0.12057E-13
    0.61600E+01    0.10717E-13
    0.61700E+01    0.95228E-14
    0.61800E+01    0.84602E-14
    0.61900E+01    0.75146E-14
    0.62000E+01    0.66734E-14
    0.62100E+01    0.59250E-14
    0.62200E+01    0.52595E-14
    0.62300E+01    0.46678E-14
    0.62400E+01    0.41417E-14
    0.62500E+01    0.36742E-14
    0.62600E+01    0.32588E-14
    0.62700E+01    0.28898E-14
    0.62800E+01    0.25620E-14
    0.62900E+01    0.22709E-14
    0.63000E+01    0.20124E-14
    0.63100E+01    0.17830E-14
    0.63200E+01    0.15795E-14
    0.63300E+01    0.13989E-14
    0.63400E+01    0.12386E-14
    0.63500E+01    0.10965E-14
    0.63600E+01    0.97052E-15
    0.63700E+01    0.85882E-15
    0.63800E+01    0.75981E-15
    0.63900E+01    0.67208E-15
    0.64000E+01    0.59436E-15
    0.64100E+01    0.52551E-15
    0.64200E+01    0.46455E-15
    0.64300E+01    0.41057E-15
    0.64400E+01    0.36278E-15
    0.64500E+01    0.32049E-15
    0.64600E+01    0.28308E-15
    0.64700E+01    0.24997E-15
    0.64800E+01    0.22070E-15
    0.64900E+01    0.19481E-15
    0.65000E+01    0.17192E-15
    0.65100E+01    0.15169E-15
    0.65200E+01    0.13382E-15
    0.65300E+01    0.11802E-15
    0.65400E+01    0.10407E-15
    0.65500E+01    0.91746E-16
    0.65600E+01    0.80866E-16
    0.65700E+01    0.71262E-16
    0.65800E+01    0.62785E-16
    0.65900E+01    0.55305E-16
    0.66000E+01    0.48707E-16
    0.66100E+01    0.42886E-16
    0.66200E+01    0.37753E-16
    0.66300E+01    0.33228E-16
    0.66400E+01    0.29239E-16
    0.66500E+01    0.25724E-16
    0.66600E+01    0.22626E-16
    0.66700E+01    0.19898E-16
    0.66800E+01    0.17494E-16
    0.66900E+01    0.15378E-16
    0.67000E+01    0.13515E-16
    0.67100E+01    0.11876E-16
    0.67200E+01    0.10433E-16
    0.67300E+01    0.91630E-17
    0.67400E+01    0.80463E-17
    0.67500E+01    0.70642E-17
    0.67600E+01    0.62007E-17
    0.67700E+01    0.54417E-17
    0.67800E+01    0.47745E-17
    0.67900E+01    0.41883E-17
    0.68000E+01    0.36733E-17
    0.68100E+01    0.32209E-17
    0.68200E+01    0.28237E-17
    0.68300E+01    0.24750E-17
    0.68400E+01    0.21688E-17
    0.68500E+01    0.19002E-17
    0.68600E+01    0.16645E-17
    0.68700E+01    0.14577E-17
    0.68800E+01    0.12763E-17
    0.68900E+01    0.11173E-17
    0.69000E+01    0.97789E-18
    0.69100E+01    0.85569E-18
    0.69200E+01    0.74861E-18
    0.69300E+01    0.65480E-18
    0.69400E+01    0.57262E-18
    0.69500E+01    0.50065E-18
    0.69600E+01    0.43764E-18
    0.69700E+01    0.38248E-18
    0.69800E+01    0.33420E-18
    0.69900E+01    0.29195E-18
    0.70000E+01    0.25500E-18
    0.70100E+01    0.22267E-18
    0.70200E+01    0.19441E-18
    0.70300E+01    0.16969E-18
    0.70400E+01    0.14809E-18
    0.70500E+01    0.12921E-18
    0.70600E+01    0.11271E-18
    0.70700E+01    0.98303E-19
    0.70800E+01    0.85718E-19
    0.70900E+01    0.74728E-19
    0.71000E+01    0.65134E-19
    0.71100E+01    0.56760E-19
    0.71200E+01    0.49452E-19
    0.71300E+01    0.43076E-19
    0.71400E+01    0.37515E-19
    0.71500E+01    0.32665E-19
    0.71600E+01    0.28436E-19
    0.71700E+01    0.24749E-19
    0.71800E+01    0.21536E-19
    0.71900E+01    0.18736E-19
    0.72000E+01    0.16297E-19
    0.72100E+01    0.14173E-19
    0.72200E+01    0.12322E-19
    0.72300E+01    0.10712E-19
    0.72400E+01    0.93094E-20
    0.72500E+01    0.80891E-20
    0.72600E+01    0.70273E-20
    0.72700E+01    0.61037E-20
    0.72800E+01    0.53003E-20
    0.72900E+01    0.46017E-20
    0.73000E+01    0.39944E-20
    0.73100E+01    0.34665E-20
    0.73200E+01    0.30078E-20
    0.73300E+01    0.26092E-20
    0.73400E+01    0.22630E-20
    0.73500E+01    0.19623E-20
    0.73600E+01    0.17012E-20
    0.73700E+01    0.14746E-20
    0.73800E+01    0.12779E-20
    0.73900E+01    0.11072E-20
    0.74000E+01    0.95906E-21
    0.74100E+01    0.83060E-21
    0.74200E+01    0.71920E-21
    0.74300E+01    0.62262E-21
    0.74400E+01    0.53889E-21
    0.74500E+01    0.46632E-21
    0.74600E+01    0.40345E-21
    0.74700E+01    0.34898E-21
    0.74800E+01    0.30180E-21
    0.74900E+01    0.26095E-21
    0.75000E+01    0.22558E-21
    0.75100E+01    0.19496E-21
    0.75200E+01    0.16847E-21
    0.75300E+01    0.14554E-21
    0.75400E+01    0.12571E-21
    0.75500E+01    0.10856E-21
    0.75600E+01    0.93730E-22
    0.75700E+01    0.80908E-22
    0.75800E+01    0.69827E-22
    0.75900E+01    0.60251E-22
    0.76000E+01    0.51977E-22
    0.76100E+01    0.44830E-22
    0.76200E+01    0.38658E-22
    0.76300E+01    0.33329E-22
    0.76400E+01    0.28729E-22
    0.76500E+01    0.24758E-22
    0.76600E+01    0.21332E-22
    0.76700E+01    0.18376E-22
    0.76800E+01    0.15827E-22
    0.76900E+01    0.13628E-22
    0.77000E+01    0.11733E-22
    0.77100E+01    0.10099E-22
    0.77200E+01    0.86905E-23
    0.77300E+01    0.74771E-23
    0.77400E+01    0.64318E-23
    0.77500E+01    0.55315E-23
    0.77600E+01    0.47563E-23
    0.77700E+01    0.40888E-23
    0.77800E+01    0.35143E-23
    0.77900E+01    0.30199E-23
    0.78000E+01    0.25945E-23
    0.78100E+01    0.22286E-23
    0.78200E+01    0.19139E-23
    0.78300E+01    0.16433E-23
    0.78400E+01    0.14107E-23
    0.78500E+01    0.12107E-23
    0.78600E+01    0.10389E-23
    0.78700E+01    0.89130E-24
    0.78800E+01    0.76450E-24
    0.78900E+01    0.65560E-24
    0.79000E+01    0.56210E-24
    0.79100E+01    0.48183E-24
    0.79200E+01    0.41295E-24
    0.79300E+01    0.35383E-24
    0.79400E+01    0.30312E-24
    0.79500E+01    0.25963E-24
    0.79600E+01    0.22232E-24
    0.79700E+01    0.19034E-24
    0.79800E+01    0.16293E-24
    0.79900E+01    0.13943E-24
    0.80000E+01    0.11930E-24
    0.80100E+01    0.10206E-24
    0.80200E+01    0.87288E-25
    0.80300E+01    0.74640E-25
    0.80400E+01    0.63812E-25
    0.80500E+01    0.54543E-25
    0.80600E+01    0.46611E-25
    0.80700E+01    0.39824E-25
    0.80800E+01    0.34019E-25
    0.80900E+01    0.29054E-25
    0.81000E+01    0.24808E-25
    0.81100E+01    0.21179E-25
    0.81200E+01    0.18077E-25
    0.81300E+01    0.15426E-25
    0.81400E+01    0.13161E-25
    0.81500E+01    0.11226E-25
    0.81600E+01    0.95739E-26
    0.81700E+01    0.81632E-26
    0.81800E+01    0.69589E-26
    0.81900E+01    0.59311E-26
    0.82000E+01    0.50541E-26
    0.82100E+01    0.43058E-26
    0.82200E+01    0.36676E-26
    0.82300E+01    0.31233E-26
    0.82400E+01    0.26593E-26
    0.82500E+01    0.22638E-26
    0.82600E+01    0.19266E-26
    0.82700E+01    0.16394E-26
    0.82800E+01    0.13947E-26
    0.82900E+01    0.11863E-26
    0.83000E+01    0.10088E-26
    0.83100E+01    0.85767E-27
    0.83200E+01    0.72905E-27
    0.83300E+01    0.61960E-27
    0.83400E+01    0.52646E-27
    0.83500E+01    0.44724E-27
    0.83600E+01    0.37986E-27
    0.83700E+01    0.32256E-27
    0.83800E+01    0.27386E-27
    0.83900E+01    0.23245E-27
    0.84000E+01    0.19727E-27
    0.84100E+01    0.16738E-27
    0.84200E+01    0.14199E-27
    0.84300E+01    0.12042E-27
    0.84400E+01    0.10211E-27
    0.84500E+01    0.86571E-28
    0.84600E+01    0.73378E-28
    0.84700E+01    0.62183E-28
    0.84800E+01    0.52685E-28
    0.84900E+01    0.44629E-28
    0.85000E+01    0.37797E-28
    0.85100E+01    0.32004E-28
    0.85200E+01    0.27094E-28
    0.85300E+01    0.22932E-28
    0.85400E+01    0.19406E-28
    0.85500E+01    0.16418E-28
    0.85600E+01    0.13888E-28
    0.85700E+01    0.11745E-28
    0.85800E+01    0.99307E-29
    0.85900E+01    0.83950E-29
    0.86000E+01    0.70953E-29
    0.86100E+01    0.59957E-29
    0.86200E+01    0.50654E-29
    0.86300E+01    0.42786E-29
    0.86400E+01    0.36132E-29
    0.86500E+01    0.30507E-29
    0.86600E+01    0.25753E-29
    0.86700E+01    0.21735E-29
    0.86800E+01    0.18340E-29
    0.86900E+01    0.15472E-29
    0.87000E+01    0.13050E-29
    0.87100E+01    0.11005E-29
    0.87200E+01    0.92787E-30
    0.87300E+01    0.78214E-30
    0.87400E+01    0.65917E-30
    0.87500E+01    0.55542E-30
    0.87600E+01    0.46790E-30
    0.87700E+01    0.39409E-30
    0.87800E+01    0.33186E-30
    0.87900E+01    0.27940E-30
    0.88000E+01    0.23518E-30
    0.88100E+01    0.19792E-30
    0.88200E+01    0.16653E-30
    0.88300E+01    0.14009E-30
    0.88400E+01    0.11782E-30
    0.88500E+01    0.99077E-31
    0.88600E+01    0.83295E-31
    0.88700E+01    0.70013E-31
    0.88800E+01    0.58837E-31
    0.88900E+01    0.49435E-31
    0.89000E+01    0.41527E-31
    0.89100E+01    0.34876E-31
    0.89200E+01    0.29285E-31
    0.89300E+01    0.24585E-31
    0.89400E+01    0.20636E-31
    0.89500E+01    0.17317E-31
    0.89600E+01    0.14529E-31
    0.89700E+01    0.12187E-31
    0.89800E+01    0.10221E-31
    0.89900E+01    0.85701E-32
    0.90000E+01    0.71845E-32
    0.90100E+01    0.60216E-32
    0.90200E+01    0.50460E-32
    0.90300E+01    0.42275E-32
    0.90400E+01    0.35411E-32
    0.90500E+01    0.29656E-32
    0.90600E+01    0.24831E-32
    0.90700E+01    0.20786E-32
    0.90800E+01    0.17397E-32
    0.90900E+01    0.14558E-32
    0.91000E+01    0.12179E-32
    0.91100E+01    0.10187E-32
    0.91200E+01    0.85191E-33
    0.91300E+01    0.71228E-33
    0.91400E+01    0.59542E-33
    0.91500E+01    0.49762E-33
    0.91600E+01    0.41581E-33
    0.91700E+01    0.34737E-33
    0.91800E+01    0.29014E-33
    0.91900E+01    0.24229E-33
    0.92000E+01    0.20229E-33
    0.92100E+01    0.16886E-33
    0.92200E+01    0.14093E-33
    0.92300E+01    0.11759E-33
    0.92400E+01    0.98096E-34
    0.92500E+01    0.81818E-34
    0.92600E+01    0.68227E-34
    0.92700E+01    0.56882E-34
    0.92800E+01    0.47414E-34
    0.92900E+01    0.39514E-34
    0.93000E+01    0.32923E-34
    0.93100E+01    0.27427E-34
    0.93200E+01    0.22843E-34
    0.93300E+01    0.19021E-34
    0.93400E+01    0.15836E-34
    0.93500E+01    0.13181E-34
    0.93600E+01    0.10969E-34
    0.93700E+01    0.91266E-35
    0.93800E+01    0.75920E-35
    0.93900E+01    0.63141E-35
    0.94000E+01    0.52503E-35
    0.94100E+01    0.43648E-35
    0.94200E+01    0.36279E-35
    0.94300E+01    0.30148E-35
    0.94400E+01    0.25048E-35
    0.94500E+01    0.20806E-35
    0.94600E+01    0.17280E-35
    0.94700E+01    0.14348E-35
    0.94800E+01    0.11911E-35
    0.94900E+01    0.98856E-36
    0.95000E+01    0.82031E-36
    0.95100E+01    0.68055E-36
    0.95200E+01    0.56449E-36
    0.95300E+01    0.46812E-36
    0.95400E+01    0.38812E-36
    0.95500E+01    0.32173E-36
    0.95600E+01    0.26663E-36
    0.95700E+01    0.22092E-36
    0.95800E+01    0.18301E-36
    0.95900E+01    0.15156E-36
    0.96000E+01    0.12550E-36
    0.96100E+01    0.10389E-36
    0.96200E+01    0.85975E-37
    0.96300E+01    0.71135E-37
    0.96400E+01    0.58840E-37
    0.96500E+01    0.48657E-37
    0.96600E+01    0.40225E-37
    0.96700E+01    0.33243E-37
    0.96800E+01    0.27464E-37
    0.96900E+01    0.22682E-37
    0.97000E+01    0.18724E-37
    0.97100E+01    0.15451E-37
    0.97200E+01    0.12743E-37
    0.97300E+01    0.10504E-37
    0.97400E+01    0.86536E-38
    0.97500E+01    0.71239E-38
    0.97600E+01    0.58597E-38
    0.97700E+01    0.48154E-38
    0.97800E+01    0.39527E-38
    0.97900E+01    0.32404E-38
    0.98000E+01    0.26523E-38
    0.98100E+01    0.21670E-38
    0.98200E+01    0.17666E-38
    0.98300E+01    0.14363E-38
    0.98400E+01    0.11640E-38
    0.98500E+01    0.93965E-39
    0.98600E+01    0.75489E-39
    0.98700E+01    0.60287E-39
    0.98800E+01    0.47793E-39
    0.98900E+01    0.37539E-39
    0.99000E+01    0.29142E-39
    0.99100E+01    0.22285E-39
    0.99200E+01    0.16712E-39
    0.99300E+01    0.12209E-39
    0.99400E+01    0.86079E-40
    0.99500E+01    0.57693E-40
    0.99600E+01    0.35846E-40
    0.99700E+01    0.19693E-40
    0.99800E+01    0.86003E-41
    0.99900E+01    0.21258E-41
