    0.10000D-01    0.42072D+02
    0.20000D-01    0.42072D+02
    0.30000D-01    0.42072D+02
    0.40000D-01    0.42072D+02
    0.50000D-01    0.42072D+02
    0.60000D-01    0.42072D+02
    0.70000D-01    0.42072D+02
    0.80000D-01    0.42072D+02
    0.90000D-01    0.42072D+02
    0.10000D+00    0.42072D+02
    0.11000D+00    0.42072D+02
    0.12000D+00    0.42072D+02
    0.13000D+00    0.42072D+02
    0.14000D+00    0.42072D+02
    0.15000D+00    0.42072D+02
    0.16000D+00    0.42072D+02
    0.17000D+00    0.42072D+02
    0.18000D+00    0.42072D+02
    0.19000D+00    0.42072D+02
    0.20000D+00    0.42072D+02
    0.21000D+00    0.42072D+02
    0.22000D+00    0.42072D+02
    0.23000D+00    0.42072D+02
    0.24000D+00    0.42072D+02
    0.25000D+00    0.42072D+02
    0.26000D+00    0.42072D+02
    0.27000D+00    0.42072D+02
    0.28000D+00    0.42072D+02
    0.29000D+00    0.42072D+02
    0.30000D+00    0.42072D+02
    0.31000D+00    0.42072D+02
    0.32000D+00    0.42072D+02
    0.33000D+00    0.42072D+02
    0.34000D+00    0.42072D+02
    0.35000D+00    0.42072D+02
    0.36000D+00    0.42072D+02
    0.37000D+00    0.42072D+02
    0.38000D+00    0.42072D+02
    0.39000D+00    0.42072D+02
    0.40000D+00    0.42072D+02
    0.41000D+00    0.42072D+02
    0.42000D+00    0.42072D+02
    0.43000D+00    0.42072D+02
    0.44000D+00    0.42072D+02
    0.45000D+00    0.42072D+02
    0.46000D+00    0.42072D+02
    0.47000D+00    0.42072D+02
    0.48000D+00    0.42072D+02
    0.49000D+00    0.42072D+02
    0.50000D+00    0.42072D+02
    0.51000D+00    0.42072D+02
    0.52000D+00    0.42072D+02
    0.53000D+00    0.42072D+02
    0.54000D+00    0.42072D+02
    0.55000D+00    0.42072D+02
    0.56000D+00    0.42072D+02
    0.57000D+00    0.42072D+02
    0.58000D+00    0.42072D+02
    0.59000D+00    0.42072D+02
    0.60000D+00    0.42072D+02
    0.61000D+00    0.42072D+02
    0.62000D+00    0.42072D+02
    0.63000D+00    0.42072D+02
    0.64000D+00    0.42072D+02
    0.65000D+00    0.42072D+02
    0.66000D+00    0.42072D+02
    0.67000D+00    0.42072D+02
    0.68000D+00    0.42072D+02
    0.69000D+00    0.42072D+02
    0.70000D+00    0.42072D+02
    0.71000D+00    0.42072D+02
    0.72000D+00    0.42072D+02
    0.73000D+00    0.42072D+02
    0.74000D+00    0.42072D+02
    0.75000D+00    0.42072D+02
    0.76000D+00    0.42072D+02
    0.77000D+00    0.42072D+02
    0.78000D+00    0.42072D+02
    0.79000D+00    0.42072D+02
    0.80000D+00    0.42072D+02
    0.81000D+00    0.42072D+02
    0.82000D+00    0.42072D+02
    0.83000D+00    0.42072D+02
    0.84000D+00    0.42072D+02
    0.85000D+00    0.42072D+02
    0.86000D+00    0.42072D+02
    0.87000D+00    0.42072D+02
    0.88000D+00    0.42072D+02
    0.89000D+00    0.42072D+02
    0.90000D+00    0.42072D+02
    0.91000D+00    0.42072D+02
    0.92000D+00    0.42072D+02
    0.93000D+00    0.42072D+02
    0.94000D+00    0.42072D+02
    0.95000D+00    0.42072D+02
    0.96000D+00    0.42072D+02
    0.97000D+00    0.42072D+02
    0.98000D+00    0.42072D+02
    0.99000D+00    0.42072D+02
    0.10000D+01    0.42072D+02
    0.10100D+01    0.42072D+02
    0.10200D+01    0.42072D+02
    0.10300D+01    0.42072D+02
    0.10400D+01    0.42072D+02
    0.10500D+01    0.42072D+02
    0.10600D+01    0.42072D+02
    0.10700D+01    0.42072D+02
    0.10800D+01    0.42072D+02
    0.10900D+01    0.42072D+02
    0.11000D+01    0.42072D+02
    0.11100D+01    0.42072D+02
    0.11200D+01    0.42072D+02
    0.11300D+01    0.42072D+02
    0.11400D+01    0.42072D+02
    0.11500D+01    0.42072D+02
    0.11600D+01    0.42072D+02
    0.11700D+01    0.42072D+02
    0.11800D+01    0.42072D+02
    0.11900D+01    0.42072D+02
    0.12000D+01    0.42072D+02
    0.12100D+01    0.42072D+02
    0.12200D+01    0.42072D+02
    0.12300D+01    0.42072D+02
    0.12400D+01    0.42072D+02
    0.12500D+01    0.42072D+02
    0.12600D+01    0.42072D+02
    0.12700D+01    0.42072D+02
    0.12800D+01    0.42072D+02
    0.12900D+01    0.42072D+02
    0.13000D+01    0.42072D+02
    0.13100D+01    0.42072D+02
    0.13200D+01    0.42072D+02
    0.13300D+01    0.42072D+02
    0.13400D+01    0.42072D+02
    0.13500D+01    0.42072D+02
    0.13600D+01    0.42072D+02
    0.13700D+01    0.42072D+02
    0.13800D+01    0.42072D+02
    0.13900D+01    0.42072D+02
    0.14000D+01    0.42072D+02
    0.14100D+01    0.42072D+02
    0.14200D+01    0.42072D+02
    0.14300D+01    0.42072D+02
    0.14400D+01    0.42072D+02
    0.14500D+01    0.42072D+02
    0.14600D+01    0.42072D+02
    0.14700D+01    0.42072D+02
    0.14800D+01    0.42072D+02
    0.14900D+01    0.42072D+02
    0.15000D+01    0.42072D+02
    0.15100D+01    0.42072D+02
    0.15200D+01    0.42072D+02
    0.15300D+01    0.42072D+02
    0.15400D+01    0.42072D+02
    0.15500D+01    0.42072D+02
    0.15600D+01    0.42072D+02
    0.15700D+01    0.42072D+02
    0.15800D+01    0.42072D+02
    0.15900D+01    0.42072D+02
    0.16000D+01    0.42072D+02
    0.16100D+01    0.42072D+02
    0.16200D+01    0.42072D+02
    0.16300D+01    0.42072D+02
    0.16400D+01    0.42072D+02
    0.16500D+01    0.42072D+02
    0.16600D+01    0.42072D+02
    0.16700D+01    0.42072D+02
    0.16800D+01    0.42072D+02
    0.16900D+01    0.42072D+02
    0.17000D+01    0.42072D+02
    0.17100D+01    0.42072D+02
    0.17200D+01    0.42072D+02
    0.17300D+01    0.42072D+02
    0.17400D+01    0.42072D+02
    0.17500D+01    0.42072D+02
    0.17600D+01    0.42072D+02
    0.17700D+01    0.42072D+02
    0.17800D+01    0.42072D+02
    0.17900D+01    0.42072D+02
    0.18000D+01    0.42072D+02
    0.18100D+01    0.42072D+02
    0.18200D+01    0.42072D+02
    0.18300D+01    0.42072D+02
    0.18400D+01    0.42072D+02
    0.18500D+01    0.42072D+02
    0.18600D+01    0.42072D+02
    0.18700D+01    0.42072D+02
    0.18800D+01    0.42072D+02
    0.18900D+01    0.42072D+02
    0.19000D+01    0.42072D+02
    0.19100D+01    0.42072D+02
    0.19200D+01    0.42072D+02
    0.19300D+01    0.42072D+02
    0.19400D+01    0.42072D+02
    0.19500D+01    0.42072D+02
    0.19600D+01    0.42072D+02
    0.19700D+01    0.42072D+02
    0.19800D+01    0.42072D+02
    0.19900D+01    0.42072D+02
    0.20000D+01    0.42072D+02
    0.20100D+01    0.42072D+02
    0.20200D+01    0.42072D+02
    0.20300D+01    0.42072D+02
    0.20400D+01    0.42072D+02
    0.20500D+01    0.42072D+02
    0.20600D+01    0.42072D+02
    0.20700D+01    0.42072D+02
    0.20800D+01    0.42072D+02
    0.20900D+01    0.42072D+02
    0.21000D+01    0.42072D+02
    0.21100D+01    0.42072D+02
    0.21200D+01    0.42072D+02
    0.21300D+01    0.42072D+02
    0.21400D+01    0.42072D+02
    0.21500D+01    0.42072D+02
    0.21600D+01    0.42072D+02
    0.21700D+01    0.42072D+02
    0.21800D+01    0.42072D+02
    0.21900D+01    0.42072D+02
    0.22000D+01    0.42072D+02
    0.22100D+01    0.42072D+02
    0.22200D+01    0.42072D+02
    0.22300D+01    0.42072D+02
    0.22400D+01    0.42072D+02
    0.22500D+01    0.42072D+02
    0.22600D+01    0.42072D+02
    0.22700D+01    0.42072D+02
    0.22800D+01    0.42072D+02
    0.22900D+01    0.42072D+02
    0.23000D+01    0.42072D+02
    0.23100D+01    0.42072D+02
    0.23200D+01    0.42072D+02
    0.23300D+01    0.42072D+02
    0.23400D+01    0.42072D+02
    0.23500D+01    0.42072D+02
    0.23600D+01    0.42072D+02
    0.23700D+01    0.42072D+02
    0.23800D+01    0.42072D+02
    0.23900D+01    0.42072D+02
    0.24000D+01    0.42072D+02
    0.24100D+01    0.42072D+02
    0.24200D+01    0.42072D+02
    0.24300D+01    0.42072D+02
    0.24400D+01    0.42072D+02
    0.24500D+01    0.42072D+02
    0.24600D+01    0.42072D+02
    0.24700D+01    0.42072D+02
    0.24800D+01    0.42072D+02
    0.24900D+01    0.42072D+02
    0.25000D+01    0.42072D+02
    0.25100D+01    0.42072D+02
    0.25200D+01    0.42072D+02
    0.25300D+01    0.42072D+02
    0.25400D+01    0.42072D+02
    0.25500D+01    0.42072D+02
    0.25600D+01    0.42072D+02
    0.25700D+01    0.42072D+02
    0.25800D+01    0.42072D+02
    0.25900D+01    0.42072D+02
    0.26000D+01    0.42072D+02
    0.26100D+01    0.42072D+02
    0.26200D+01    0.42072D+02
    0.26300D+01    0.42072D+02
    0.26400D+01    0.42072D+02
    0.26500D+01    0.42072D+02
    0.26600D+01    0.42072D+02
    0.26700D+01    0.42072D+02
    0.26800D+01    0.42072D+02
    0.26900D+01    0.42072D+02
    0.27000D+01    0.42072D+02
    0.27100D+01    0.42072D+02
    0.27200D+01    0.42072D+02
    0.27300D+01    0.42072D+02
    0.27400D+01    0.42072D+02
    0.27500D+01    0.42072D+02
    0.27600D+01    0.42072D+02
    0.27700D+01    0.42072D+02
    0.27800D+01    0.42072D+02
    0.27900D+01    0.42072D+02
    0.28000D+01    0.42072D+02
    0.28100D+01    0.42072D+02
    0.28200D+01    0.42072D+02
    0.28300D+01    0.42072D+02
    0.28400D+01    0.42072D+02
    0.28500D+01    0.42072D+02
    0.28600D+01    0.42072D+02
    0.28700D+01    0.42072D+02
    0.28800D+01    0.42072D+02
    0.28900D+01    0.42072D+02
    0.29000D+01    0.42072D+02
    0.29100D+01    0.42072D+02
    0.29200D+01    0.42072D+02
    0.29300D+01    0.42072D+02
    0.29400D+01    0.42072D+02
    0.29500D+01    0.42072D+02
    0.29600D+01    0.42072D+02
    0.29700D+01    0.42072D+02
    0.29800D+01    0.42072D+02
    0.29900D+01    0.42072D+02
    0.30000D+01    0.42072D+02
    0.30100D+01    0.42072D+02
    0.30200D+01    0.42072D+02
    0.30300D+01    0.42072D+02
    0.30400D+01    0.42072D+02
    0.30500D+01    0.42072D+02
    0.30600D+01    0.42072D+02
    0.30700D+01    0.42072D+02
    0.30800D+01    0.42072D+02
    0.30900D+01    0.42072D+02
    0.31000D+01    0.42072D+02
    0.31100D+01    0.42072D+02
    0.31200D+01    0.42072D+02
    0.31300D+01    0.42072D+02
    0.31400D+01    0.42072D+02
    0.31500D+01    0.42072D+02
    0.31600D+01    0.42072D+02
    0.31700D+01    0.42072D+02
    0.31800D+01    0.42072D+02
    0.31900D+01    0.42072D+02
    0.32000D+01    0.42072D+02
    0.32100D+01    0.42072D+02
    0.32200D+01    0.42072D+02
    0.32300D+01    0.42072D+02
    0.32400D+01    0.42072D+02
    0.32500D+01    0.42072D+02
    0.32600D+01    0.42072D+02
    0.32700D+01    0.42072D+02
    0.32800D+01    0.42072D+02
    0.32900D+01    0.42072D+02
    0.33000D+01    0.42072D+02
    0.33100D+01    0.42072D+02
    0.33200D+01    0.42072D+02
    0.33300D+01    0.42072D+02
    0.33400D+01    0.42072D+02
    0.33500D+01    0.42072D+02
    0.33600D+01    0.42072D+02
    0.33700D+01    0.42072D+02
    0.33800D+01    0.42072D+02
    0.33900D+01    0.42072D+02
    0.34000D+01    0.42072D+02
    0.34100D+01    0.42072D+02
    0.34200D+01    0.42072D+02
    0.34300D+01    0.42072D+02
    0.34400D+01    0.42072D+02
    0.34500D+01    0.42072D+02
    0.34600D+01    0.42072D+02
    0.34700D+01    0.42072D+02
    0.34800D+01    0.42072D+02
    0.34900D+01    0.42072D+02
    0.35000D+01    0.42072D+02
    0.35100D+01    0.42072D+02
    0.35200D+01    0.42072D+02
    0.35300D+01    0.42072D+02
    0.35400D+01    0.42072D+02
    0.35500D+01    0.42072D+02
    0.35600D+01    0.42072D+02
    0.35700D+01    0.42072D+02
    0.35800D+01    0.42072D+02
    0.35900D+01    0.42072D+02
    0.36000D+01    0.42072D+02
    0.36100D+01    0.42072D+02
    0.36200D+01    0.42072D+02
    0.36300D+01    0.42072D+02
    0.36400D+01    0.42072D+02
    0.36500D+01    0.42072D+02
    0.36600D+01    0.42072D+02
    0.36700D+01    0.42072D+02
    0.36800D+01    0.42072D+02
    0.36900D+01    0.42072D+02
    0.37000D+01    0.42072D+02
    0.37100D+01    0.42072D+02
    0.37200D+01    0.42072D+02
    0.37300D+01    0.42072D+02
    0.37400D+01    0.42072D+02
    0.37500D+01    0.42072D+02
    0.37600D+01    0.42072D+02
    0.37700D+01    0.42072D+02
    0.37800D+01    0.42072D+02
    0.37900D+01    0.42072D+02
    0.38000D+01    0.42072D+02
    0.38100D+01    0.42072D+02
    0.38200D+01    0.42072D+02
    0.38300D+01    0.42072D+02
    0.38400D+01    0.42072D+02
    0.38500D+01    0.42072D+02
    0.38600D+01    0.42072D+02
    0.38700D+01    0.42072D+02
    0.38800D+01    0.42072D+02
    0.38900D+01    0.42072D+02
    0.39000D+01    0.42072D+02
    0.39100D+01    0.42072D+02
    0.39200D+01    0.42072D+02
    0.39300D+01    0.42072D+02
    0.39400D+01    0.42072D+02
    0.39500D+01    0.42072D+02
    0.39600D+01    0.42072D+02
    0.39700D+01    0.42072D+02
    0.39800D+01    0.42072D+02
    0.39900D+01    0.42072D+02
    0.40000D+01    0.42072D+02
    0.40100D+01    0.42072D+02
    0.40200D+01    0.42072D+02
    0.40300D+01    0.42072D+02
    0.40400D+01    0.42072D+02
    0.40500D+01    0.42072D+02
    0.40600D+01    0.42072D+02
    0.40700D+01    0.42072D+02
    0.40800D+01    0.42072D+02
    0.40900D+01    0.42072D+02
    0.41000D+01    0.42072D+02
    0.41100D+01    0.42072D+02
    0.41200D+01    0.42072D+02
    0.41300D+01    0.42072D+02
    0.41400D+01    0.42072D+02
    0.41500D+01    0.42072D+02
    0.41600D+01    0.42072D+02
    0.41700D+01    0.42072D+02
    0.41800D+01    0.42072D+02
    0.41900D+01    0.42072D+02
    0.42000D+01    0.42072D+02
    0.42100D+01    0.42072D+02
    0.42200D+01    0.42072D+02
    0.42300D+01    0.42072D+02
    0.42400D+01    0.42072D+02
    0.42500D+01    0.42072D+02
    0.42600D+01    0.42072D+02
    0.42700D+01    0.42072D+02
    0.42800D+01    0.42072D+02
    0.42900D+01    0.42072D+02
    0.43000D+01    0.42072D+02
    0.43100D+01    0.42072D+02
    0.43200D+01    0.42072D+02
    0.43300D+01    0.42072D+02
    0.43400D+01    0.42072D+02
    0.43500D+01    0.42072D+02
    0.43600D+01    0.42072D+02
    0.43700D+01    0.42072D+02
    0.43800D+01    0.42072D+02
    0.43900D+01    0.42072D+02
    0.44000D+01    0.42072D+02
    0.44100D+01    0.42072D+02
    0.44200D+01    0.42072D+02
    0.44300D+01    0.42072D+02
    0.44400D+01    0.42072D+02
    0.44500D+01    0.42072D+02
    0.44600D+01    0.42072D+02
    0.44700D+01    0.42072D+02
    0.44800D+01    0.42072D+02
    0.44900D+01    0.42072D+02
    0.45000D+01    0.42072D+02
    0.45100D+01    0.42072D+02
    0.45200D+01    0.42072D+02
    0.45300D+01    0.42072D+02
    0.45400D+01    0.42072D+02
    0.45500D+01    0.42072D+02
    0.45600D+01    0.42072D+02
    0.45700D+01    0.42072D+02
    0.45800D+01    0.42072D+02
    0.45900D+01    0.42072D+02
    0.46000D+01    0.42072D+02
    0.46100D+01    0.42072D+02
    0.46200D+01    0.42072D+02
    0.46300D+01    0.42072D+02
    0.46400D+01    0.42072D+02
    0.46500D+01    0.42072D+02
    0.46600D+01    0.42072D+02
    0.46700D+01    0.42072D+02
    0.46800D+01    0.42072D+02
    0.46900D+01    0.42072D+02
    0.47000D+01    0.42072D+02
    0.47100D+01    0.42072D+02
    0.47200D+01    0.42072D+02
    0.47300D+01    0.42072D+02
    0.47400D+01    0.42072D+02
    0.47500D+01    0.42072D+02
    0.47600D+01    0.42072D+02
    0.47700D+01    0.42072D+02
    0.47800D+01    0.42072D+02
    0.47900D+01    0.42072D+02
    0.48000D+01    0.42072D+02
    0.48100D+01    0.42072D+02
    0.48200D+01    0.42072D+02
    0.48300D+01    0.42072D+02
    0.48400D+01    0.42072D+02
    0.48500D+01    0.42072D+02
    0.48600D+01    0.42072D+02
    0.48700D+01    0.42072D+02
    0.48800D+01    0.42072D+02
    0.48900D+01    0.42072D+02
    0.49000D+01    0.42072D+02
    0.49100D+01    0.42072D+02
    0.49200D+01    0.42072D+02
    0.49300D+01    0.42072D+02
    0.49400D+01    0.42072D+02
    0.49500D+01    0.42072D+02
    0.49600D+01    0.42072D+02
    0.49700D+01    0.42072D+02
    0.49800D+01    0.42072D+02
    0.49900D+01    0.42072D+02
    0.50000D+01    0.42072D+02
    0.50100D+01    0.42072D+02
    0.50200D+01    0.42072D+02
    0.50300D+01    0.42072D+02
    0.50400D+01    0.42072D+02
    0.50500D+01    0.42072D+02
    0.50600D+01    0.42072D+02
    0.50700D+01    0.42072D+02
    0.50800D+01    0.42072D+02
    0.50900D+01    0.42072D+02
    0.51000D+01    0.42072D+02
    0.51100D+01    0.42072D+02
    0.51200D+01    0.42072D+02
    0.51300D+01    0.42072D+02
    0.51400D+01    0.42072D+02
    0.51500D+01    0.42072D+02
    0.51600D+01    0.42072D+02
    0.51700D+01    0.42072D+02
    0.51800D+01    0.42072D+02
    0.51900D+01    0.42072D+02
    0.52000D+01    0.42072D+02
    0.52100D+01    0.42072D+02
    0.52200D+01    0.42072D+02
    0.52300D+01    0.42072D+02
    0.52400D+01    0.42072D+02
    0.52500D+01    0.42072D+02
    0.52600D+01    0.42072D+02
    0.52700D+01    0.42072D+02
    0.52800D+01    0.42072D+02
    0.52900D+01    0.42072D+02
    0.53000D+01    0.42072D+02
    0.53100D+01    0.42072D+02
    0.53200D+01    0.42072D+02
    0.53300D+01    0.42072D+02
    0.53400D+01    0.42072D+02
    0.53500D+01    0.42072D+02
    0.53600D+01    0.42072D+02
    0.53700D+01    0.42072D+02
    0.53800D+01    0.42072D+02
    0.53900D+01    0.42072D+02
    0.54000D+01    0.42072D+02
    0.54100D+01    0.42072D+02
    0.54200D+01    0.42072D+02
    0.54300D+01    0.42072D+02
    0.54400D+01    0.42072D+02
    0.54500D+01    0.42072D+02
    0.54600D+01    0.42072D+02
    0.54700D+01    0.42072D+02
    0.54800D+01    0.42072D+02
    0.54900D+01    0.42072D+02
    0.55000D+01    0.42072D+02
    0.55100D+01    0.42072D+02
    0.55200D+01    0.42072D+02
    0.55300D+01    0.42072D+02
    0.55400D+01    0.42072D+02
    0.55500D+01    0.42072D+02
    0.55600D+01    0.42072D+02
    0.55700D+01    0.42072D+02
    0.55800D+01    0.42072D+02
    0.55900D+01    0.42072D+02
    0.56000D+01    0.42072D+02
    0.56100D+01    0.42072D+02
    0.56200D+01    0.42072D+02
    0.56300D+01    0.42072D+02
    0.56400D+01    0.42072D+02
    0.56500D+01    0.42072D+02
    0.56600D+01    0.42072D+02
    0.56700D+01    0.42072D+02
    0.56800D+01    0.42072D+02
    0.56900D+01    0.42072D+02
    0.57000D+01    0.42072D+02
    0.57100D+01    0.42072D+02
    0.57200D+01    0.42072D+02
    0.57300D+01    0.42072D+02
    0.57400D+01    0.42072D+02
    0.57500D+01    0.42072D+02
    0.57600D+01    0.42072D+02
    0.57700D+01    0.42072D+02
    0.57800D+01    0.42072D+02
    0.57900D+01    0.42072D+02
    0.58000D+01    0.42072D+02
    0.58100D+01    0.42072D+02
    0.58200D+01    0.42072D+02
    0.58300D+01    0.42072D+02
    0.58400D+01    0.42072D+02
    0.58500D+01    0.42072D+02
    0.58600D+01    0.42072D+02
    0.58700D+01    0.42072D+02
    0.58800D+01    0.42072D+02
    0.58900D+01    0.42072D+02
    0.59000D+01    0.42072D+02
    0.59100D+01    0.42072D+02
    0.59200D+01    0.42072D+02
    0.59300D+01    0.42072D+02
    0.59400D+01    0.42072D+02
    0.59500D+01    0.42072D+02
    0.59600D+01    0.42072D+02
    0.59700D+01    0.42072D+02
    0.59800D+01    0.42072D+02
    0.59900D+01    0.42072D+02
    0.60000D+01    0.42072D+02
    0.60100D+01    0.42072D+02
    0.60200D+01    0.42072D+02
    0.60300D+01    0.42072D+02
    0.60400D+01    0.42072D+02
    0.60500D+01    0.42072D+02
    0.60600D+01    0.42072D+02
    0.60700D+01    0.42072D+02
    0.60800D+01    0.42072D+02
    0.60900D+01    0.42072D+02
    0.61000D+01    0.42072D+02
    0.61100D+01    0.42072D+02
    0.61200D+01    0.42072D+02
    0.61300D+01    0.42072D+02
    0.61400D+01    0.42072D+02
    0.61500D+01    0.42072D+02
    0.61600D+01    0.42072D+02
    0.61700D+01    0.42072D+02
    0.61800D+01    0.42072D+02
    0.61900D+01    0.42072D+02
    0.62000D+01    0.42072D+02
    0.62100D+01    0.42072D+02
    0.62200D+01    0.42072D+02
    0.62300D+01    0.42072D+02
    0.62400D+01    0.42072D+02
    0.62500D+01    0.42072D+02
    0.62600D+01    0.42072D+02
    0.62700D+01    0.42072D+02
    0.62800D+01    0.42072D+02
    0.62900D+01    0.42072D+02
    0.63000D+01    0.42072D+02
    0.63100D+01    0.42072D+02
    0.63200D+01    0.42072D+02
    0.63300D+01    0.42072D+02
    0.63400D+01    0.42072D+02
    0.63500D+01    0.42072D+02
    0.63600D+01    0.42072D+02
    0.63700D+01    0.42072D+02
    0.63800D+01    0.42072D+02
    0.63900D+01    0.42072D+02
    0.64000D+01    0.42072D+02
    0.64100D+01    0.42072D+02
    0.64200D+01    0.42072D+02
    0.64300D+01    0.42072D+02
    0.64400D+01    0.42072D+02
    0.64500D+01    0.42072D+02
    0.64600D+01    0.42072D+02
    0.64700D+01    0.42072D+02
    0.64800D+01    0.42072D+02
    0.64900D+01    0.42072D+02
    0.65000D+01    0.42072D+02
    0.65100D+01    0.42072D+02
    0.65200D+01    0.42072D+02
    0.65300D+01    0.42072D+02
    0.65400D+01    0.42072D+02
    0.65500D+01    0.42072D+02
    0.65600D+01    0.42072D+02
    0.65700D+01    0.42072D+02
    0.65800D+01    0.42072D+02
    0.65900D+01    0.42072D+02
    0.66000D+01    0.42072D+02
    0.66100D+01    0.42072D+02
    0.66200D+01    0.42072D+02
    0.66300D+01    0.42072D+02
    0.66400D+01    0.42072D+02
    0.66500D+01    0.42072D+02
    0.66600D+01    0.42072D+02
    0.66700D+01    0.42072D+02
    0.66800D+01    0.42072D+02
    0.66900D+01    0.42072D+02
    0.67000D+01    0.42072D+02
    0.67100D+01    0.42072D+02
    0.67200D+01    0.42072D+02
    0.67300D+01    0.42072D+02
    0.67400D+01    0.42072D+02
    0.67500D+01    0.42072D+02
    0.67600D+01    0.42072D+02
    0.67700D+01    0.42072D+02
    0.67800D+01    0.42072D+02
    0.67900D+01    0.42072D+02
    0.68000D+01    0.42072D+02
    0.68100D+01    0.42072D+02
    0.68200D+01    0.42072D+02
    0.68300D+01    0.42072D+02
    0.68400D+01    0.42072D+02
    0.68500D+01    0.42072D+02
    0.68600D+01    0.42072D+02
    0.68700D+01    0.42072D+02
    0.68800D+01    0.42072D+02
    0.68900D+01    0.42072D+02
    0.69000D+01    0.42072D+02
    0.69100D+01    0.42072D+02
    0.69200D+01    0.42072D+02
    0.69300D+01    0.42072D+02
    0.69400D+01    0.42072D+02
    0.69500D+01    0.42072D+02
    0.69600D+01    0.42072D+02
    0.69700D+01    0.42072D+02
    0.69800D+01    0.42072D+02
    0.69900D+01    0.42072D+02
    0.70000D+01    0.42072D+02
    0.70100D+01    0.42072D+02
    0.70200D+01    0.42072D+02
    0.70300D+01    0.42072D+02
    0.70400D+01    0.42072D+02
    0.70500D+01    0.42072D+02
    0.70600D+01    0.42072D+02
    0.70700D+01    0.42072D+02
    0.70800D+01    0.42072D+02
    0.70900D+01    0.42072D+02
    0.71000D+01    0.42072D+02
    0.71100D+01    0.42072D+02
    0.71200D+01    0.42072D+02
    0.71300D+01    0.42072D+02
    0.71400D+01    0.42072D+02
    0.71500D+01    0.42072D+02
    0.71600D+01    0.42072D+02
    0.71700D+01    0.42072D+02
    0.71800D+01    0.42072D+02
    0.71900D+01    0.42072D+02
    0.72000D+01    0.42072D+02
    0.72100D+01    0.42072D+02
    0.72200D+01    0.42072D+02
    0.72300D+01    0.42072D+02
    0.72400D+01    0.42072D+02
    0.72500D+01    0.42072D+02
    0.72600D+01    0.42072D+02
    0.72700D+01    0.42072D+02
    0.72800D+01    0.42072D+02
    0.72900D+01    0.42072D+02
    0.73000D+01    0.42072D+02
    0.73100D+01    0.42072D+02
    0.73200D+01    0.42072D+02
    0.73300D+01    0.42072D+02
    0.73400D+01    0.42072D+02
    0.73500D+01    0.42072D+02
    0.73600D+01    0.42072D+02
    0.73700D+01    0.42072D+02
    0.73800D+01    0.42072D+02
    0.73900D+01    0.42072D+02
    0.74000D+01    0.42072D+02
    0.74100D+01    0.42072D+02
    0.74200D+01    0.42072D+02
    0.74300D+01    0.42072D+02
    0.74400D+01    0.42072D+02
    0.74500D+01    0.42072D+02
    0.74600D+01    0.42072D+02
    0.74700D+01    0.42072D+02
    0.74800D+01    0.42072D+02
    0.74900D+01    0.42072D+02
    0.75000D+01    0.42072D+02
    0.75100D+01    0.42072D+02
    0.75200D+01    0.42072D+02
    0.75300D+01    0.42072D+02
    0.75400D+01    0.42072D+02
    0.75500D+01    0.42072D+02
    0.75600D+01    0.42072D+02
    0.75700D+01    0.42072D+02
    0.75800D+01    0.42072D+02
    0.75900D+01    0.42072D+02
    0.76000D+01    0.42072D+02
    0.76100D+01    0.42072D+02
    0.76200D+01    0.42072D+02
    0.76300D+01    0.42072D+02
    0.76400D+01    0.42072D+02
    0.76500D+01    0.42072D+02
    0.76600D+01    0.42072D+02
    0.76700D+01    0.42072D+02
    0.76800D+01    0.42072D+02
    0.76900D+01    0.42072D+02
    0.77000D+01    0.42072D+02
    0.77100D+01    0.42072D+02
    0.77200D+01    0.42072D+02
    0.77300D+01    0.42072D+02
    0.77400D+01    0.42072D+02
    0.77500D+01    0.42072D+02
    0.77600D+01    0.42072D+02
    0.77700D+01    0.42072D+02
    0.77800D+01    0.42072D+02
    0.77900D+01    0.42072D+02
    0.78000D+01    0.42072D+02
    0.78100D+01    0.42072D+02
    0.78200D+01    0.42072D+02
    0.78300D+01    0.42072D+02
    0.78400D+01    0.42072D+02
    0.78500D+01    0.42072D+02
    0.78600D+01    0.42072D+02
    0.78700D+01    0.42072D+02
    0.78800D+01    0.42072D+02
    0.78900D+01    0.42072D+02
    0.79000D+01    0.42072D+02
    0.79100D+01    0.42072D+02
    0.79200D+01    0.42072D+02
    0.79300D+01    0.42072D+02
    0.79400D+01    0.42072D+02
    0.79500D+01    0.42072D+02
    0.79600D+01    0.42072D+02
    0.79700D+01    0.42072D+02
    0.79800D+01    0.42072D+02
    0.79900D+01    0.42072D+02
    0.80000D+01    0.42072D+02
    0.80100D+01    0.42072D+02
    0.80200D+01    0.42072D+02
    0.80300D+01    0.42072D+02
    0.80400D+01    0.42072D+02
    0.80500D+01    0.42072D+02
    0.80600D+01    0.42072D+02
    0.80700D+01    0.42072D+02
    0.80800D+01    0.42072D+02
    0.80900D+01    0.42072D+02
    0.81000D+01    0.42072D+02
    0.81100D+01    0.42072D+02
    0.81200D+01    0.42072D+02
    0.81300D+01    0.42072D+02
    0.81400D+01    0.42072D+02
    0.81500D+01    0.42072D+02
    0.81600D+01    0.42072D+02
    0.81700D+01    0.42072D+02
    0.81800D+01    0.42072D+02
    0.81900D+01    0.42072D+02
    0.82000D+01    0.42072D+02
    0.82100D+01    0.42072D+02
    0.82200D+01    0.42072D+02
    0.82300D+01    0.42072D+02
    0.82400D+01    0.42072D+02
    0.82500D+01    0.42072D+02
    0.82600D+01    0.42072D+02
    0.82700D+01    0.42072D+02
    0.82800D+01    0.42072D+02
    0.82900D+01    0.42072D+02
    0.83000D+01    0.42072D+02
    0.83100D+01    0.42072D+02
    0.83200D+01    0.42072D+02
    0.83300D+01    0.42072D+02
    0.83400D+01    0.42072D+02
    0.83500D+01    0.42072D+02
    0.83600D+01    0.42072D+02
    0.83700D+01    0.42072D+02
    0.83800D+01    0.42072D+02
    0.83900D+01    0.42072D+02
    0.84000D+01    0.42072D+02
    0.84100D+01    0.42072D+02
    0.84200D+01    0.42072D+02
    0.84300D+01    0.42072D+02
    0.84400D+01    0.42072D+02
    0.84500D+01    0.42072D+02
    0.84600D+01    0.42072D+02
    0.84700D+01    0.42072D+02
    0.84800D+01    0.42072D+02
    0.84900D+01    0.42072D+02
    0.85000D+01    0.42072D+02
    0.85100D+01    0.42072D+02
    0.85200D+01    0.42072D+02
    0.85300D+01    0.42072D+02
    0.85400D+01    0.42072D+02
    0.85500D+01    0.42072D+02
    0.85600D+01    0.42072D+02
    0.85700D+01    0.42072D+02
    0.85800D+01    0.42072D+02
    0.85900D+01    0.42072D+02
    0.86000D+01    0.42072D+02
    0.86100D+01    0.42072D+02
    0.86200D+01    0.42072D+02
    0.86300D+01    0.42072D+02
    0.86400D+01    0.42072D+02
    0.86500D+01    0.42072D+02
    0.86600D+01    0.42072D+02
    0.86700D+01    0.42072D+02
    0.86800D+01    0.42072D+02
    0.86900D+01    0.42072D+02
    0.87000D+01    0.42072D+02
    0.87100D+01    0.42072D+02
    0.87200D+01    0.42072D+02
    0.87300D+01    0.42072D+02
    0.87400D+01    0.42072D+02
    0.87500D+01    0.42072D+02
    0.87600D+01    0.42072D+02
    0.87700D+01    0.42072D+02
    0.87800D+01    0.42072D+02
    0.87900D+01    0.42072D+02
    0.88000D+01    0.42072D+02
    0.88100D+01    0.42072D+02
    0.88200D+01    0.42072D+02
    0.88300D+01    0.42072D+02
    0.88400D+01    0.42072D+02
    0.88500D+01    0.42072D+02
    0.88600D+01    0.42072D+02
    0.88700D+01    0.42072D+02
    0.88800D+01    0.42072D+02
    0.88900D+01    0.42072D+02
    0.89000D+01    0.42072D+02
    0.89100D+01    0.42072D+02
    0.89200D+01    0.42072D+02
    0.89300D+01    0.42072D+02
    0.89400D+01    0.42072D+02
    0.89500D+01    0.42072D+02
    0.89600D+01    0.42072D+02
    0.89700D+01    0.42072D+02
    0.89800D+01    0.42072D+02
    0.89900D+01    0.42072D+02
    0.90000D+01    0.42072D+02
    0.90100D+01    0.42072D+02
    0.90200D+01    0.42072D+02
    0.90300D+01    0.42072D+02
    0.90400D+01    0.42072D+02
    0.90500D+01    0.42072D+02
    0.90600D+01    0.42072D+02
    0.90700D+01    0.42072D+02
    0.90800D+01    0.42072D+02
    0.90900D+01    0.42072D+02
    0.91000D+01    0.42072D+02
    0.91100D+01    0.42072D+02
    0.91200D+01    0.42072D+02
    0.91300D+01    0.42074D+02
    0.91400D+01    0.42079D+02
    0.91500D+01    0.42089D+02
    0.91600D+01    0.42109D+02
    0.91700D+01    0.42143D+02
    0.91800D+01    0.42193D+02
    0.91900D+01    0.42258D+02
    0.92000D+01    0.42335D+02
    0.92100D+01    0.42419D+02
    0.92200D+01    0.42507D+02
    0.92300D+01    0.42598D+02
    0.92400D+01    0.42689D+02
    0.92500D+01    0.42781D+02
    0.92600D+01    0.42874D+02
    0.92700D+01    0.42966D+02
    0.92800D+01    0.43059D+02
    0.92900D+01    0.43152D+02
    0.93000D+01    0.43245D+02
    0.93100D+01    0.43338D+02
    0.93200D+01    0.43431D+02
    0.93300D+01    0.43524D+02
    0.93400D+01    0.43618D+02
    0.93500D+01    0.43711D+02
    0.93600D+01    0.43805D+02
    0.93700D+01    0.43898D+02
    0.93800D+01    0.43992D+02
    0.93900D+01    0.44086D+02
    0.94000D+01    0.44180D+02
    0.94100D+01    0.44274D+02
    0.94200D+01    0.44368D+02
    0.94300D+01    0.44462D+02
    0.94400D+01    0.44557D+02
    0.94500D+01    0.44651D+02
    0.94600D+01    0.44746D+02
    0.94700D+01    0.44840D+02
    0.94800D+01    0.44935D+02
    0.94900D+01    0.45030D+02
    0.95000D+01    0.45125D+02
    0.95100D+01    0.45220D+02
    0.95200D+01    0.45315D+02
    0.95300D+01    0.45410D+02
    0.95400D+01    0.45506D+02
    0.95500D+01    0.45601D+02
    0.95600D+01    0.45697D+02
    0.95700D+01    0.45792D+02
    0.95800D+01    0.45888D+02
    0.95900D+01    0.45984D+02
    0.96000D+01    0.46080D+02
    0.96100D+01    0.46176D+02
    0.96200D+01    0.46272D+02
    0.96300D+01    0.46368D+02
    0.96400D+01    0.46465D+02
    0.96500D+01    0.46561D+02
    0.96600D+01    0.46658D+02
    0.96700D+01    0.46754D+02
    0.96800D+01    0.46851D+02
    0.96900D+01    0.46948D+02
    0.97000D+01    0.47045D+02
    0.97100D+01    0.47142D+02
    0.97200D+01    0.47239D+02
    0.97300D+01    0.47336D+02
    0.97400D+01    0.47434D+02
    0.97500D+01    0.47531D+02
    0.97600D+01    0.47629D+02
    0.97700D+01    0.47726D+02
    0.97800D+01    0.47824D+02
    0.97900D+01    0.47922D+02
    0.98000D+01    0.48020D+02
    0.98100D+01    0.48118D+02
    0.98200D+01    0.48216D+02
    0.98300D+01    0.48314D+02
    0.98400D+01    0.48413D+02
    0.98500D+01    0.48511D+02
    0.98600D+01    0.48610D+02
    0.98700D+01    0.48708D+02
    0.98800D+01    0.48807D+02
    0.98900D+01    0.48906D+02
    0.99000D+01    0.49005D+02
    0.99100D+01    0.49104D+02
    0.99200D+01    0.49203D+02
    0.99300D+01    0.49302D+02
    0.99400D+01    0.49402D+02
    0.99500D+01    0.49501D+02
    0.99600D+01    0.49601D+02
    0.99700D+01    0.49700D+02
    0.99800D+01    0.49800D+02
    0.99900D+01    0.49900D+02
    0.10000E-01    0.97164E-02
    0.20000E-01    0.97164E-02
    0.30000E-01    0.97163E-02
    0.40000E-01    0.97162E-02
    0.50000E-01    0.97161E-02
    0.60000E-01    0.97160E-02
    0.70000E-01    0.97158E-02
    0.80000E-01    0.97157E-02
    0.90000E-01    0.97155E-02
    0.10000E+00    0.97152E-02
    0.11000E+00    0.97150E-02
    0.12000E+00    0.97147E-02
    0.13000E+00    0.97144E-02
    0.14000E+00    0.97141E-02
    0.15000E+00    0.97138E-02
    0.16000E+00    0.97134E-02
    0.17000E+00    0.97131E-02
    0.18000E+00    0.97127E-02
    0.19000E+00    0.97122E-02
    0.20000E+00    0.97118E-02
    0.21000E+00    0.97113E-02
    0.22000E+00    0.97108E-02
    0.23000E+00    0.97103E-02
    0.24000E+00    0.97097E-02
    0.25000E+00    0.97092E-02
    0.26000E+00    0.97086E-02
    0.27000E+00    0.97080E-02
    0.28000E+00    0.97073E-02
    0.29000E+00    0.97067E-02
    0.30000E+00    0.97060E-02
    0.31000E+00    0.97053E-02
    0.32000E+00    0.97046E-02
    0.33000E+00    0.97038E-02
    0.34000E+00    0.97031E-02
    0.35000E+00    0.97023E-02
    0.36000E+00    0.97014E-02
    0.37000E+00    0.97006E-02
    0.38000E+00    0.96997E-02
    0.39000E+00    0.96988E-02
    0.40000E+00    0.96979E-02
    0.41000E+00    0.96970E-02
    0.42000E+00    0.96960E-02
    0.43000E+00    0.96950E-02
    0.44000E+00    0.96940E-02
    0.45000E+00    0.96930E-02
    0.46000E+00    0.96920E-02
    0.47000E+00    0.96909E-02
    0.48000E+00    0.96898E-02
    0.49000E+00    0.96887E-02
    0.50000E+00    0.96875E-02
    0.51000E+00    0.96864E-02
    0.52000E+00    0.96852E-02
    0.53000E+00    0.96840E-02
    0.54000E+00    0.96827E-02
    0.55000E+00    0.96815E-02
    0.56000E+00    0.96802E-02
    0.57000E+00    0.96789E-02
    0.58000E+00    0.96776E-02
    0.59000E+00    0.96762E-02
    0.60000E+00    0.96748E-02
    0.61000E+00    0.96734E-02
    0.62000E+00    0.96720E-02
    0.63000E+00    0.96706E-02
    0.64000E+00    0.96691E-02
    0.65000E+00    0.96676E-02
    0.66000E+00    0.96661E-02
    0.67000E+00    0.96646E-02
    0.68000E+00    0.96630E-02
    0.69000E+00    0.96614E-02
    0.70000E+00    0.96598E-02
    0.71000E+00    0.96582E-02
    0.72000E+00    0.96565E-02
    0.73000E+00    0.96549E-02
    0.74000E+00    0.96532E-02
    0.75000E+00    0.96514E-02
    0.76000E+00    0.96497E-02
    0.77000E+00    0.96479E-02
    0.78000E+00    0.96461E-02
    0.79000E+00    0.96443E-02
    0.80000E+00    0.96425E-02
    0.81000E+00    0.96406E-02
    0.82000E+00    0.96388E-02
    0.83000E+00    0.96369E-02
    0.84000E+00    0.96349E-02
    0.85000E+00    0.96330E-02
    0.86000E+00    0.96310E-02
    0.87000E+00    0.96290E-02
    0.88000E+00    0.96270E-02
    0.89000E+00    0.96249E-02
    0.90000E+00    0.96229E-02
    0.91000E+00    0.96208E-02
    0.92000E+00    0.96187E-02
    0.93000E+00    0.96165E-02
    0.94000E+00    0.96144E-02
    0.95000E+00    0.96122E-02
    0.96000E+00    0.96100E-02
    0.97000E+00    0.96078E-02
    0.98000E+00    0.96055E-02
    0.99000E+00    0.96032E-02
    0.10000E+01    0.96009E-02
    0.10100E+01    0.95986E-02
    0.10200E+01    0.95963E-02
    0.10300E+01    0.95939E-02
    0.10400E+01    0.95915E-02
    0.10500E+01    0.95891E-02
    0.10600E+01    0.95867E-02
    0.10700E+01    0.95842E-02
    0.10800E+01    0.95817E-02
    0.10900E+01    0.95792E-02
    0.11000E+01    0.95767E-02
    0.11100E+01    0.95741E-02
    0.11200E+01    0.95716E-02
    0.11300E+01    0.95690E-02
    0.11400E+01    0.95663E-02
    0.11500E+01    0.95637E-02
    0.11600E+01    0.95610E-02
    0.11700E+01    0.95583E-02
    0.11800E+01    0.95556E-02
    0.11900E+01    0.95529E-02
    0.12000E+01    0.95501E-02
    0.12100E+01    0.95473E-02
    0.12200E+01    0.95445E-02
    0.12300E+01    0.95417E-02
    0.12400E+01    0.95388E-02
    0.12500E+01    0.95360E-02
    0.12600E+01    0.95331E-02
    0.12700E+01    0.95302E-02
    0.12800E+01    0.95272E-02
    0.12900E+01    0.95242E-02
    0.13000E+01    0.95213E-02
    0.13100E+01    0.95182E-02
    0.13200E+01    0.95152E-02
    0.13300E+01    0.95121E-02
    0.13400E+01    0.95091E-02
    0.13500E+01    0.95060E-02
    0.13600E+01    0.95028E-02
    0.13700E+01    0.94997E-02
    0.13800E+01    0.94965E-02
    0.13900E+01    0.94933E-02
    0.14000E+01    0.94901E-02
    0.14100E+01    0.94868E-02
    0.14200E+01    0.94836E-02
    0.14300E+01    0.94803E-02
    0.14400E+01    0.94770E-02
    0.14500E+01    0.94736E-02
    0.14600E+01    0.94703E-02
    0.14700E+01    0.94669E-02
    0.14800E+01    0.94635E-02
    0.14900E+01    0.94600E-02
    0.15000E+01    0.94566E-02
    0.15100E+01    0.94531E-02
    0.15200E+01    0.94496E-02
    0.15300E+01    0.94461E-02
    0.15400E+01    0.94425E-02
    0.15500E+01    0.94390E-02
    0.15600E+01    0.94354E-02
    0.15700E+01    0.94318E-02
    0.15800E+01    0.94281E-02
    0.15900E+01    0.94245E-02
    0.16000E+01    0.94208E-02
    0.16100E+01    0.94171E-02
    0.16200E+01    0.94134E-02
    0.16300E+01    0.94096E-02
    0.16400E+01    0.94058E-02
    0.16500E+01    0.94020E-02
    0.16600E+01    0.93982E-02
    0.16700E+01    0.93944E-02
    0.16800E+01    0.93905E-02
    0.16900E+01    0.93866E-02
    0.17000E+01    0.93827E-02
    0.17100E+01    0.93787E-02
    0.17200E+01    0.93748E-02
    0.17300E+01    0.93708E-02
    0.17400E+01    0.93668E-02
    0.17500E+01    0.93628E-02
    0.17600E+01    0.93587E-02
    0.17700E+01    0.93546E-02
    0.17800E+01    0.93505E-02
    0.17900E+01    0.93464E-02
    0.18000E+01    0.93423E-02
    0.18100E+01    0.93381E-02
    0.18200E+01    0.93339E-02
    0.18300E+01    0.93297E-02
    0.18400E+01    0.93255E-02
    0.18500E+01    0.93212E-02
    0.18600E+01    0.93169E-02
    0.18700E+01    0.93126E-02
    0.18800E+01    0.93083E-02
    0.18900E+01    0.93039E-02
    0.19000E+01    0.92995E-02
    0.19100E+01    0.92951E-02
    0.19200E+01    0.92907E-02
    0.19300E+01    0.92863E-02
    0.19400E+01    0.92818E-02
    0.19500E+01    0.92773E-02
    0.19600E+01    0.92728E-02
    0.19700E+01    0.92683E-02
    0.19800E+01    0.92637E-02
    0.19900E+01    0.92591E-02
    0.20000E+01    0.92545E-02
    0.20100E+01    0.92499E-02
    0.20200E+01    0.92452E-02
    0.20300E+01    0.92405E-02
    0.20400E+01    0.92358E-02
    0.20500E+01    0.92311E-02
    0.20600E+01    0.92264E-02
    0.20700E+01    0.92216E-02
    0.20800E+01    0.92168E-02
    0.20900E+01    0.92120E-02
    0.21000E+01    0.92072E-02
    0.21100E+01    0.92023E-02
    0.21200E+01    0.91974E-02
    0.21300E+01    0.91925E-02
    0.21400E+01    0.91876E-02
    0.21500E+01    0.91826E-02
    0.21600E+01    0.91776E-02
    0.21700E+01    0.91726E-02
    0.21800E+01    0.91676E-02
    0.21900E+01    0.91626E-02
    0.22000E+01    0.91575E-02
    0.22100E+01    0.91524E-02
    0.22200E+01    0.91473E-02
    0.22300E+01    0.91422E-02
    0.22400E+01    0.91370E-02
    0.22500E+01    0.91318E-02
    0.22600E+01    0.91266E-02
    0.22700E+01    0.91214E-02
    0.22800E+01    0.91161E-02
    0.22900E+01    0.91108E-02
    0.23000E+01    0.91055E-02
    0.23100E+01    0.91002E-02
    0.23200E+01    0.90949E-02
    0.23300E+01    0.90895E-02
    0.23400E+01    0.90841E-02
    0.23500E+01    0.90787E-02
    0.23600E+01    0.90733E-02
    0.23700E+01    0.90678E-02
    0.23800E+01    0.90623E-02
    0.23900E+01    0.90568E-02
    0.24000E+01    0.90513E-02
    0.24100E+01    0.90457E-02
    0.24200E+01    0.90401E-02
    0.24300E+01    0.90345E-02
    0.24400E+01    0.90289E-02
    0.24500E+01    0.90233E-02
    0.24600E+01    0.90176E-02
    0.24700E+01    0.90119E-02
    0.24800E+01    0.90062E-02
    0.24900E+01    0.90005E-02
    0.25000E+01    0.89947E-02
    0.25100E+01    0.89889E-02
    0.25200E+01    0.89831E-02
    0.25300E+01    0.89773E-02
    0.25400E+01    0.89714E-02
    0.25500E+01    0.89655E-02
    0.25600E+01    0.89596E-02
    0.25700E+01    0.89537E-02
    0.25800E+01    0.89478E-02
    0.25900E+01    0.89418E-02
    0.26000E+01    0.89358E-02
    0.26100E+01    0.89298E-02
    0.26200E+01    0.89237E-02
    0.26300E+01    0.89177E-02
    0.26400E+01    0.89116E-02
    0.26500E+01    0.89055E-02
    0.26600E+01    0.88994E-02
    0.26700E+01    0.88932E-02
    0.26800E+01    0.88870E-02
    0.26900E+01    0.88808E-02
    0.27000E+01    0.88746E-02
    0.27100E+01    0.88684E-02
    0.27200E+01    0.88621E-02
    0.27300E+01    0.88558E-02
    0.27400E+01    0.88495E-02
    0.27500E+01    0.88431E-02
    0.27600E+01    0.88368E-02
    0.27700E+01    0.88304E-02
    0.27800E+01    0.88240E-02
    0.27900E+01    0.88175E-02
    0.28000E+01    0.88111E-02
    0.28100E+01    0.88046E-02
    0.28200E+01    0.87981E-02
    0.28300E+01    0.87916E-02
    0.28400E+01    0.87850E-02
    0.28500E+01    0.87785E-02
    0.28600E+01    0.87719E-02
    0.28700E+01    0.87653E-02
    0.28800E+01    0.87586E-02
    0.28900E+01    0.87520E-02
    0.29000E+01    0.87453E-02
    0.29100E+01    0.87386E-02
    0.29200E+01    0.87318E-02
    0.29300E+01    0.87251E-02
    0.29400E+01    0.87183E-02
    0.29500E+01    0.87115E-02
    0.29600E+01    0.87047E-02
    0.29700E+01    0.86978E-02
    0.29800E+01    0.86910E-02
    0.29900E+01    0.86841E-02
    0.30000E+01    0.86771E-02
    0.30100E+01    0.86702E-02
    0.30200E+01    0.86632E-02
    0.30300E+01    0.86563E-02
    0.30400E+01    0.86492E-02
    0.30500E+01    0.86422E-02
    0.30600E+01    0.86352E-02
    0.30700E+01    0.86281E-02
    0.30800E+01    0.86210E-02
    0.30900E+01    0.86138E-02
    0.31000E+01    0.86067E-02
    0.31100E+01    0.85995E-02
    0.31200E+01    0.85923E-02
    0.31300E+01    0.85851E-02
    0.31400E+01    0.85779E-02
    0.31500E+01    0.85706E-02
    0.31600E+01    0.85633E-02
    0.31700E+01    0.85560E-02
    0.31800E+01    0.85487E-02
    0.31900E+01    0.85413E-02
    0.32000E+01    0.85340E-02
    0.32100E+01    0.85266E-02
    0.32200E+01    0.85191E-02
    0.32300E+01    0.85117E-02
    0.32400E+01    0.85042E-02
    0.32500E+01    0.84967E-02
    0.32600E+01    0.84892E-02
    0.32700E+01    0.84817E-02
    0.32800E+01    0.84741E-02
    0.32900E+01    0.84665E-02
    0.33000E+01    0.84589E-02
    0.33100E+01    0.84513E-02
    0.33200E+01    0.84436E-02
    0.33300E+01    0.84359E-02
    0.33400E+01    0.84282E-02
    0.33500E+01    0.84205E-02
    0.33600E+01    0.84128E-02
    0.33700E+01    0.84050E-02
    0.33800E+01    0.83972E-02
    0.33900E+01    0.83894E-02
    0.34000E+01    0.83815E-02
    0.34100E+01    0.83737E-02
    0.34200E+01    0.83658E-02
    0.34300E+01    0.83579E-02
    0.34400E+01    0.83499E-02
    0.34500E+01    0.83420E-02
    0.34600E+01    0.83340E-02
    0.34700E+01    0.83260E-02
    0.34800E+01    0.83180E-02
    0.34900E+01    0.83099E-02
    0.35000E+01    0.83019E-02
    0.35100E+01    0.82938E-02
    0.35200E+01    0.82856E-02
    0.35300E+01    0.82775E-02
    0.35400E+01    0.82693E-02
    0.35500E+01    0.82611E-02
    0.35600E+01    0.82529E-02
    0.35700E+01    0.82447E-02
    0.35800E+01    0.82364E-02
    0.35900E+01    0.82282E-02
    0.36000E+01    0.82199E-02
    0.36100E+01    0.82115E-02
    0.36200E+01    0.82032E-02
    0.36300E+01    0.81948E-02
    0.36400E+01    0.81864E-02
    0.36500E+01    0.81780E-02
    0.36600E+01    0.81696E-02
    0.36700E+01    0.81611E-02
    0.36800E+01    0.81526E-02
    0.36900E+01    0.81441E-02
    0.37000E+01    0.81356E-02
    0.37100E+01    0.81270E-02
    0.37200E+01    0.81184E-02
    0.37300E+01    0.81098E-02
    0.37400E+01    0.81012E-02
    0.37500E+01    0.80926E-02
    0.37600E+01    0.80839E-02
    0.37700E+01    0.80752E-02
    0.37800E+01    0.80665E-02
    0.37900E+01    0.80577E-02
    0.38000E+01    0.80490E-02
    0.38100E+01    0.80402E-02
    0.38200E+01    0.80314E-02
    0.38300E+01    0.80225E-02
    0.38400E+01    0.80137E-02
    0.38500E+01    0.80048E-02
    0.38600E+01    0.79959E-02
    0.38700E+01    0.79870E-02
    0.38800E+01    0.79780E-02
    0.38900E+01    0.79690E-02
    0.39000E+01    0.79600E-02
    0.39100E+01    0.79510E-02
    0.39200E+01    0.79420E-02
    0.39300E+01    0.79329E-02
    0.39400E+01    0.79238E-02
    0.39500E+01    0.79147E-02
    0.39600E+01    0.79056E-02
    0.39700E+01    0.78964E-02
    0.39800E+01    0.78873E-02
    0.39900E+01    0.78781E-02
    0.40000E+01    0.78688E-02
    0.40100E+01    0.78596E-02
    0.40200E+01    0.78503E-02
    0.40300E+01    0.78410E-02
    0.40400E+01    0.78317E-02
    0.40500E+01    0.78223E-02
    0.40600E+01    0.78130E-02
    0.40700E+01    0.78036E-02
    0.40800E+01    0.77942E-02
    0.40900E+01    0.77847E-02
    0.41000E+01    0.77753E-02
    0.41100E+01    0.77658E-02
    0.41200E+01    0.77563E-02
    0.41300E+01    0.77468E-02
    0.41400E+01    0.77372E-02
    0.41500E+01    0.77277E-02
    0.41600E+01    0.77181E-02
    0.41700E+01    0.77084E-02
    0.41800E+01    0.76988E-02
    0.41900E+01    0.76891E-02
    0.42000E+01    0.76794E-02
    0.42100E+01    0.76697E-02
    0.42200E+01    0.76600E-02
    0.42300E+01    0.76502E-02
    0.42400E+01    0.76405E-02
    0.42500E+01    0.76307E-02
    0.42600E+01    0.76208E-02
    0.42700E+01    0.76110E-02
    0.42800E+01    0.76011E-02
    0.42900E+01    0.75912E-02
    0.43000E+01    0.75813E-02
    0.43100E+01    0.75714E-02
    0.43200E+01    0.75614E-02
    0.43300E+01    0.75514E-02
    0.43400E+01    0.75414E-02
    0.43500E+01    0.75314E-02
    0.43600E+01    0.75213E-02
    0.43700E+01    0.75112E-02
    0.43800E+01    0.75011E-02
    0.43900E+01    0.74910E-02
    0.44000E+01    0.74808E-02
    0.44100E+01    0.74707E-02
    0.44200E+01    0.74605E-02
    0.44300E+01    0.74502E-02
    0.44400E+01    0.74400E-02
    0.44500E+01    0.74297E-02
    0.44600E+01    0.74194E-02
    0.44700E+01    0.74091E-02
    0.44800E+01    0.73988E-02
    0.44900E+01    0.73884E-02
    0.45000E+01    0.73781E-02
    0.45100E+01    0.73677E-02
    0.45200E+01    0.73572E-02
    0.45300E+01    0.73468E-02
    0.45400E+01    0.73363E-02
    0.45500E+01    0.73258E-02
    0.45600E+01    0.73153E-02
    0.45700E+01    0.73047E-02
    0.45800E+01    0.72942E-02
    0.45900E+01    0.72836E-02
    0.46000E+01    0.72730E-02
    0.46100E+01    0.72623E-02
    0.46200E+01    0.72517E-02
    0.46300E+01    0.72410E-02
    0.46400E+01    0.72303E-02
    0.46500E+01    0.72196E-02
    0.46600E+01    0.72088E-02
    0.46700E+01    0.71981E-02
    0.46800E+01    0.71873E-02
    0.46900E+01    0.71764E-02
    0.47000E+01    0.71656E-02
    0.47100E+01    0.71547E-02
    0.47200E+01    0.71438E-02
    0.47300E+01    0.71329E-02
    0.47400E+01    0.71220E-02
    0.47500E+01    0.71110E-02
    0.47600E+01    0.71000E-02
    0.47700E+01    0.70890E-02
    0.47800E+01    0.70780E-02
    0.47900E+01    0.70670E-02
    0.48000E+01    0.70559E-02
    0.48100E+01    0.70448E-02
    0.48200E+01    0.70337E-02
    0.48300E+01    0.70225E-02
    0.48400E+01    0.70114E-02
    0.48500E+01    0.70002E-02
    0.48600E+01    0.69890E-02
    0.48700E+01    0.69777E-02
    0.48800E+01    0.69665E-02
    0.48900E+01    0.69552E-02
    0.49000E+01    0.69439E-02
    0.49100E+01    0.69326E-02
    0.49200E+01    0.69212E-02
    0.49300E+01    0.69098E-02
    0.49400E+01    0.68984E-02
    0.49500E+01    0.68870E-02
    0.49600E+01    0.68756E-02
    0.49700E+01    0.68641E-02
    0.49800E+01    0.68526E-02
    0.49900E+01    0.68411E-02
    0.50000E+01    0.68296E-02
    0.50100E+01    0.68180E-02
    0.50200E+01    0.68064E-02
    0.50300E+01    0.67948E-02
    0.50400E+01    0.67832E-02
    0.50500E+01    0.67715E-02
    0.50600E+01    0.67599E-02
    0.50700E+01    0.67482E-02
    0.50800E+01    0.67364E-02
    0.50900E+01    0.67247E-02
    0.51000E+01    0.67129E-02
    0.51100E+01    0.67011E-02
    0.51200E+01    0.66893E-02
    0.51300E+01    0.66775E-02
    0.51400E+01    0.66656E-02
    0.51500E+01    0.66538E-02
    0.51600E+01    0.66419E-02
    0.51700E+01    0.66299E-02
    0.51800E+01    0.66180E-02
    0.51900E+01    0.66060E-02
    0.52000E+01    0.65940E-02
    0.52100E+01    0.65820E-02
    0.52200E+01    0.65699E-02
    0.52300E+01    0.65579E-02
    0.52400E+01    0.65458E-02
    0.52500E+01    0.65337E-02
    0.52600E+01    0.65215E-02
    0.52700E+01    0.65094E-02
    0.52800E+01    0.64972E-02
    0.52900E+01    0.64850E-02
    0.53000E+01    0.64728E-02
    0.53100E+01    0.64605E-02
    0.53200E+01    0.64482E-02
    0.53300E+01    0.64359E-02
    0.53400E+01    0.64236E-02
    0.53500E+01    0.64113E-02
    0.53600E+01    0.63989E-02
    0.53700E+01    0.63865E-02
    0.53800E+01    0.63741E-02
    0.53900E+01    0.63617E-02
    0.54000E+01    0.63492E-02
    0.54100E+01    0.63367E-02
    0.54200E+01    0.63242E-02
    0.54300E+01    0.63117E-02
    0.54400E+01    0.62991E-02
    0.54500E+01    0.62866E-02
    0.54600E+01    0.62740E-02
    0.54700E+01    0.62613E-02
    0.54800E+01    0.62487E-02
    0.54900E+01    0.62360E-02
    0.55000E+01    0.62233E-02
    0.55100E+01    0.62106E-02
    0.55200E+01    0.61979E-02
    0.55300E+01    0.61851E-02
    0.55400E+01    0.61723E-02
    0.55500E+01    0.61595E-02
    0.55600E+01    0.61467E-02
    0.55700E+01    0.61338E-02
    0.55800E+01    0.61210E-02
    0.55900E+01    0.61081E-02
    0.56000E+01    0.60952E-02
    0.56100E+01    0.60822E-02
    0.56200E+01    0.60692E-02
    0.56300E+01    0.60563E-02
    0.56400E+01    0.60432E-02
    0.56500E+01    0.60302E-02
    0.56600E+01    0.60171E-02
    0.56700E+01    0.60041E-02
    0.56800E+01    0.59909E-02
    0.56900E+01    0.59778E-02
    0.57000E+01    0.59647E-02
    0.57100E+01    0.59515E-02
    0.57200E+01    0.59383E-02
    0.57300E+01    0.59251E-02
    0.57400E+01    0.59118E-02
    0.57500E+01    0.58986E-02
    0.57600E+01    0.58853E-02
    0.57700E+01    0.58720E-02
    0.57800E+01    0.58586E-02
    0.57900E+01    0.58453E-02
    0.58000E+01    0.58319E-02
    0.58100E+01    0.58185E-02
    0.58200E+01    0.58050E-02
    0.58300E+01    0.57916E-02
    0.58400E+01    0.57781E-02
    0.58500E+01    0.57646E-02
    0.58600E+01    0.57511E-02
    0.58700E+01    0.57375E-02
    0.58800E+01    0.57240E-02
    0.58900E+01    0.57104E-02
    0.59000E+01    0.56968E-02
    0.59100E+01    0.56831E-02
    0.59200E+01    0.56695E-02
    0.59300E+01    0.56558E-02
    0.59400E+01    0.56421E-02
    0.59500E+01    0.56284E-02
    0.59600E+01    0.56146E-02
    0.59700E+01    0.56008E-02
    0.59800E+01    0.55870E-02
    0.59900E+01    0.55732E-02
    0.60000E+01    0.55594E-02
    0.60100E+01    0.55455E-02
    0.60200E+01    0.55316E-02
    0.60300E+01    0.55177E-02
    0.60400E+01    0.55037E-02
    0.60500E+01    0.54898E-02
    0.60600E+01    0.54758E-02
    0.60700E+01    0.54618E-02
    0.60800E+01    0.54478E-02
    0.60900E+01    0.54337E-02
    0.61000E+01    0.54196E-02
    0.61100E+01    0.54055E-02
    0.61200E+01    0.53914E-02
    0.61300E+01    0.53773E-02
    0.61400E+01    0.53631E-02
    0.61500E+01    0.53489E-02
    0.61600E+01    0.53347E-02
    0.61700E+01    0.53205E-02
    0.61800E+01    0.53062E-02
    0.61900E+01    0.52919E-02
    0.62000E+01    0.52776E-02
    0.62100E+01    0.52633E-02
    0.62200E+01    0.52489E-02
    0.62300E+01    0.52345E-02
    0.62400E+01    0.52201E-02
    0.62500E+01    0.52057E-02
    0.62600E+01    0.51913E-02
    0.62700E+01    0.51768E-02
    0.62800E+01    0.51623E-02
    0.62900E+01    0.51478E-02
    0.63000E+01    0.51333E-02
    0.63100E+01    0.51187E-02
    0.63200E+01    0.51041E-02
    0.63300E+01    0.50895E-02
    0.63400E+01    0.50749E-02
    0.63500E+01    0.50602E-02
    0.63600E+01    0.50455E-02
    0.63700E+01    0.50308E-02
    0.63800E+01    0.50161E-02
    0.63900E+01    0.50014E-02
    0.64000E+01    0.49866E-02
    0.64100E+01    0.49718E-02
    0.64200E+01    0.49570E-02
    0.64300E+01    0.49422E-02
    0.64400E+01    0.49273E-02
    0.64500E+01    0.49124E-02
    0.64600E+01    0.48975E-02
    0.64700E+01    0.48826E-02
    0.64800E+01    0.48676E-02
    0.64900E+01    0.48526E-02
    0.65000E+01    0.48376E-02
    0.65100E+01    0.48226E-02
    0.65200E+01    0.48076E-02
    0.65300E+01    0.47925E-02
    0.65400E+01    0.47774E-02
    0.65500E+01    0.47623E-02
    0.65600E+01    0.47472E-02
    0.65700E+01    0.47320E-02
    0.65800E+01    0.47168E-02
    0.65900E+01    0.47016E-02
    0.66000E+01    0.46864E-02
    0.66100E+01    0.46711E-02
    0.66200E+01    0.46558E-02
    0.66300E+01    0.46405E-02
    0.66400E+01    0.46252E-02
    0.66500E+01    0.46099E-02
    0.66600E+01    0.45945E-02
    0.66700E+01    0.45791E-02
    0.66800E+01    0.45637E-02
    0.66900E+01    0.45483E-02
    0.67000E+01    0.45328E-02
    0.67100E+01    0.45173E-02
    0.67200E+01    0.45018E-02
    0.67300E+01    0.44863E-02
    0.67400E+01    0.44707E-02
    0.67500E+01    0.44551E-02
    0.67600E+01    0.44395E-02
    0.67700E+01    0.44239E-02
    0.67800E+01    0.44083E-02
    0.67900E+01    0.43926E-02
    0.68000E+01    0.43769E-02
    0.68100E+01    0.43612E-02
    0.68200E+01    0.43455E-02
    0.68300E+01    0.43297E-02
    0.68400E+01    0.43139E-02
    0.68500E+01    0.42981E-02
    0.68600E+01    0.42823E-02
    0.68700E+01    0.42664E-02
    0.68800E+01    0.42505E-02
    0.68900E+01    0.42346E-02
    0.69000E+01    0.42187E-02
    0.69100E+01    0.42028E-02
    0.69200E+01    0.41868E-02
    0.69300E+01    0.41708E-02
    0.69400E+01    0.41548E-02
    0.69500E+01    0.41387E-02
    0.69600E+01    0.41227E-02
    0.69700E+01    0.41066E-02
    0.69800E+01    0.40905E-02
    0.69900E+01    0.40744E-02
    0.70000E+01    0.40582E-02
    0.70100E+01    0.40420E-02
    0.70200E+01    0.40258E-02
    0.70300E+01    0.40096E-02
    0.70400E+01    0.39934E-02
    0.70500E+01    0.39771E-02
    0.70600E+01    0.39608E-02
    0.70700E+01    0.39445E-02
    0.70800E+01    0.39281E-02
    0.70900E+01    0.39118E-02
    0.71000E+01    0.38954E-02
    0.71100E+01    0.38790E-02
    0.71200E+01    0.38625E-02
    0.71300E+01    0.38461E-02
    0.71400E+01    0.38296E-02
    0.71500E+01    0.38131E-02
    0.71600E+01    0.37966E-02
    0.71700E+01    0.37800E-02
    0.71800E+01    0.37635E-02
    0.71900E+01    0.37469E-02
    0.72000E+01    0.37303E-02
    0.72100E+01    0.37136E-02
    0.72200E+01    0.36970E-02
    0.72300E+01    0.36803E-02
    0.72400E+01    0.36636E-02
    0.72500E+01    0.36468E-02
    0.72600E+01    0.36301E-02
    0.72700E+01    0.36133E-02
    0.72800E+01    0.35965E-02
    0.72900E+01    0.35797E-02
    0.73000E+01    0.35628E-02
    0.73100E+01    0.35459E-02
    0.73200E+01    0.35291E-02
    0.73300E+01    0.35121E-02
    0.73400E+01    0.34952E-02
    0.73500E+01    0.34782E-02
    0.73600E+01    0.34612E-02
    0.73700E+01    0.34442E-02
    0.73800E+01    0.34272E-02
    0.73900E+01    0.34102E-02
    0.74000E+01    0.33931E-02
    0.74100E+01    0.33760E-02
    0.74200E+01    0.33588E-02
    0.74300E+01    0.33417E-02
    0.74400E+01    0.33245E-02
    0.74500E+01    0.33073E-02
    0.74600E+01    0.32901E-02
    0.74700E+01    0.32729E-02
    0.74800E+01    0.32556E-02
    0.74900E+01    0.32383E-02
    0.75000E+01    0.32210E-02
    0.75100E+01    0.32037E-02
    0.75200E+01    0.31863E-02
    0.75300E+01    0.31690E-02
    0.75400E+01    0.31515E-02
    0.75500E+01    0.31341E-02
    0.75600E+01    0.31167E-02
    0.75700E+01    0.30992E-02
    0.75800E+01    0.30817E-02
    0.75900E+01    0.30642E-02
    0.76000E+01    0.30467E-02
    0.76100E+01    0.30291E-02
    0.76200E+01    0.30115E-02
    0.76300E+01    0.29939E-02
    0.76400E+01    0.29763E-02
    0.76500E+01    0.29586E-02
    0.76600E+01    0.29409E-02
    0.76700E+01    0.29232E-02
    0.76800E+01    0.29055E-02
    0.76900E+01    0.28877E-02
    0.77000E+01    0.28700E-02
    0.77100E+01    0.28522E-02
    0.77200E+01    0.28344E-02
    0.77300E+01    0.28165E-02
    0.77400E+01    0.27987E-02
    0.77500E+01    0.27808E-02
    0.77600E+01    0.27629E-02
    0.77700E+01    0.27449E-02
    0.77800E+01    0.27270E-02
    0.77900E+01    0.27090E-02
    0.78000E+01    0.26910E-02
    0.78100E+01    0.26730E-02
    0.78200E+01    0.26549E-02
    0.78300E+01    0.26368E-02
    0.78400E+01    0.26188E-02
    0.78500E+01    0.26006E-02
    0.78600E+01    0.25825E-02
    0.78700E+01    0.25643E-02
    0.78800E+01    0.25461E-02
    0.78900E+01    0.25279E-02
    0.79000E+01    0.25097E-02
    0.79100E+01    0.24914E-02
    0.79200E+01    0.24732E-02
    0.79300E+01    0.24549E-02
    0.79400E+01    0.24365E-02
    0.79500E+01    0.24182E-02
    0.79600E+01    0.23998E-02
    0.79700E+01    0.23814E-02
    0.79800E+01    0.23630E-02
    0.79900E+01    0.23446E-02
    0.80000E+01    0.23261E-02
    0.80100E+01    0.23076E-02
    0.80200E+01    0.22891E-02
    0.80300E+01    0.22706E-02
    0.80400E+01    0.22520E-02
    0.80500E+01    0.22334E-02
    0.80600E+01    0.22148E-02
    0.80700E+01    0.21962E-02
    0.80800E+01    0.21776E-02
    0.80900E+01    0.21589E-02
    0.81000E+01    0.21402E-02
    0.81100E+01    0.21215E-02
    0.81200E+01    0.21027E-02
    0.81300E+01    0.20840E-02
    0.81400E+01    0.20652E-02
    0.81500E+01    0.20464E-02
    0.81600E+01    0.20275E-02
    0.81700E+01    0.20087E-02
    0.81800E+01    0.19898E-02
    0.81900E+01    0.19709E-02
    0.82000E+01    0.19520E-02
    0.82100E+01    0.19330E-02
    0.82200E+01    0.19140E-02
    0.82300E+01    0.18950E-02
    0.82400E+01    0.18760E-02
    0.82500E+01    0.18570E-02
    0.82600E+01    0.18379E-02
    0.82700E+01    0.18188E-02
    0.82800E+01    0.17997E-02
    0.82900E+01    0.17806E-02
    0.83000E+01    0.17614E-02
    0.83100E+01    0.17423E-02
    0.83200E+01    0.17230E-02
    0.83300E+01    0.17038E-02
    0.83400E+01    0.16846E-02
    0.83500E+01    0.16653E-02
    0.83600E+01    0.16460E-02
    0.83700E+01    0.16267E-02
    0.83800E+01    0.16073E-02
    0.83900E+01    0.15880E-02
    0.84000E+01    0.15686E-02
    0.84100E+01    0.15492E-02
    0.84200E+01    0.15297E-02
    0.84300E+01    0.15103E-02
    0.84400E+01    0.14908E-02
    0.84500E+01    0.14713E-02
    0.84600E+01    0.14518E-02
    0.84700E+01    0.14322E-02
    0.84800E+01    0.14127E-02
    0.84900E+01    0.13931E-02
    0.85000E+01    0.13734E-02
    0.85100E+01    0.13538E-02
    0.85200E+01    0.13341E-02
    0.85300E+01    0.13144E-02
    0.85400E+01    0.12947E-02
    0.85500E+01    0.12750E-02
    0.85600E+01    0.12552E-02
    0.85700E+01    0.12355E-02
    0.85800E+01    0.12157E-02
    0.85900E+01    0.11958E-02
    0.86000E+01    0.11760E-02
    0.86100E+01    0.11561E-02
    0.86200E+01    0.11362E-02
    0.86300E+01    0.11163E-02
    0.86400E+01    0.10963E-02
    0.86500E+01    0.10764E-02
    0.86600E+01    0.10564E-02
    0.86700E+01    0.10364E-02
    0.86800E+01    0.10163E-02
    0.86900E+01    0.99629E-03
    0.87000E+01    0.97621E-03
    0.87100E+01    0.95610E-03
    0.87200E+01    0.93598E-03
    0.87300E+01    0.91583E-03
    0.87400E+01    0.89565E-03
    0.87500E+01    0.87546E-03
    0.87600E+01    0.85524E-03
    0.87700E+01    0.83500E-03
    0.87800E+01    0.81473E-03
    0.87900E+01    0.79444E-03
    0.88000E+01    0.77413E-03
    0.88100E+01    0.75379E-03
    0.88200E+01    0.73343E-03
    0.88300E+01    0.71305E-03
    0.88400E+01    0.69265E-03
    0.88500E+01    0.67222E-03
    0.88600E+01    0.65177E-03
    0.88700E+01    0.63130E-03
    0.88800E+01    0.61080E-03
    0.88900E+01    0.59028E-03
    0.89000E+01    0.56974E-03
    0.89100E+01    0.54917E-03
    0.89200E+01    0.52858E-03
    0.89300E+01    0.50797E-03
    0.89400E+01    0.48733E-03
    0.89500E+01    0.46667E-03
    0.89600E+01    0.44599E-03
    0.89700E+01    0.42528E-03
    0.89800E+01    0.40456E-03
    0.89900E+01    0.38380E-03
    0.90000E+01    0.36303E-03
    0.90100E+01    0.34223E-03
    0.90200E+01    0.32141E-03
    0.90300E+01    0.30056E-03
    0.90400E+01    0.27969E-03
    0.90500E+01    0.25880E-03
    0.90600E+01    0.23788E-03
    0.90700E+01    0.21694E-03
    0.90800E+01    0.19597E-03
    0.90900E+01    0.17498E-03
    0.91000E+01    0.15397E-03
    0.91100E+01    0.13298E-03
    0.91200E+01    0.11207E-03
    0.91300E+01    0.91426E-04
    0.91400E+01    0.71413E-04
    0.91500E+01    0.52684E-04
    0.91600E+01    0.36172E-04
    0.91700E+01    0.22835E-04
    0.91800E+01    0.13191E-04
    0.91900E+01    0.70047E-05
    0.92000E+01    0.34610E-05
    0.92100E+01    0.16153E-05
    0.92200E+01    0.72233E-06
    0.92300E+01    0.31300E-06
    0.92400E+01    0.13253E-06
    0.92500E+01    0.55164E-07
    0.92600E+01    0.22663E-07
    0.92700E+01    0.92171E-08
    0.92800E+01    0.37184E-08
    0.92900E+01    0.14902E-08
    0.93000E+01    0.59397E-09
    0.93100E+01    0.23564E-09
    0.93200E+01    0.93110E-10
    0.93300E+01    0.36661E-10
    0.93400E+01    0.14390E-10
    0.93500E+01    0.56322E-11
    0.93600E+01    0.21988E-11
    0.93700E+01    0.85638E-12
    0.93800E+01    0.33281E-12
    0.93900E+01    0.12908E-12
    0.94000E+01    0.49965E-13
    0.94100E+01    0.19306E-13
    0.94200E+01    0.74468E-14
    0.94300E+01    0.28677E-14
    0.94400E+01    0.11026E-14
    0.94500E+01    0.42327E-15
    0.94600E+01    0.16225E-15
    0.94700E+01    0.62106E-16
    0.94800E+01    0.23740E-16
    0.94900E+01    0.90619E-17
    0.95000E+01    0.34545E-17
    0.95100E+01    0.13152E-17
    0.95200E+01    0.50007E-18
    0.95300E+01    0.18990E-18
    0.95400E+01    0.72025E-19
    0.95500E+01    0.27284E-19
    0.95600E+01    0.10323E-19
    0.95700E+01    0.39011E-20
    0.95800E+01    0.14725E-20
    0.95900E+01    0.55514E-21
    0.96000E+01    0.20905E-21
    0.96100E+01    0.78633E-22
    0.96200E+01    0.29543E-22
    0.96300E+01    0.11087E-22
    0.96400E+01    0.41561E-23
    0.96500E+01    0.15562E-23
    0.96600E+01    0.58206E-24
    0.96700E+01    0.21746E-24
    0.96800E+01    0.81156E-25
    0.96900E+01    0.30254E-25
    0.97000E+01    0.11266E-25
    0.97100E+01    0.41906E-26
    0.97200E+01    0.15571E-26
    0.97300E+01    0.57794E-27
    0.97400E+01    0.21428E-27
    0.97500E+01    0.79361E-28
    0.97600E+01    0.29361E-28
    0.97700E+01    0.10851E-28
    0.97800E+01    0.40059E-29
    0.97900E+01    0.14773E-29
    0.98000E+01    0.54423E-30
    0.98100E+01    0.20028E-30
    0.98200E+01    0.73623E-31
    0.98300E+01    0.27036E-31
    0.98400E+01    0.99176E-32
    0.98500E+01    0.36343E-32
    0.98600E+01    0.13304E-32
    0.98700E+01    0.48647E-33
    0.98800E+01    0.17770E-33
    0.98900E+01    0.64845E-34
    0.99000E+01    0.23637E-34
    0.99100E+01    0.86074E-35
    0.99200E+01    0.31310E-35
    0.99300E+01    0.11377E-35
    0.99400E+01    0.41300E-36
    0.99500E+01    0.14976E-36
    0.99600E+01    0.54251E-37
    0.99700E+01    0.19631E-37
    0.99800E+01    0.70966E-38
    0.99900E+01    0.25627E-38
