 Columnas: h,AT,AS,error trapecios,error simpson
     63.58287429809570   104228.32405026358902   104391.31449780912953      163.84896108925750        0.85851354371698
     31.79143714904785   104351.16898006260453   104392.11728999561456       41.00403129024198        0.05572135723196
     15.89571857452393   104381.91960060264682   104392.16980744934699       10.25341075019969        0.00320390349953
      7.94785928726196   104389.60974855466338   104392.17313120533072        2.56326279818313        0.00011985248420
      3.97392964363098   104391.53244184676441   104392.17333961075929        0.64056950608210        0.00032825791277
      1.98696482181549   104392.01312494670856   104392.17335264671419        0.15988640613796        0.00034129386768
      0.99348241090775   104392.13329633281683   104392.17335346153413        0.03971502002969        0.00034210868762
      0.49674120545387   104392.16333921758633   104392.17335351249494        0.00967213526019        0.00034215964843
      0.24837060272694   104392.17084994116158   104392.17335351555084        0.00216141168494        0.00034216270433
      0.12418530136347   104392.17272762213543   104392.17335351592919        0.00028373071109        0.00034216308268
      0.06209265068173   104392.17319704272086   104392.17335351579823        0.00018568987434        0.00034216295171
      0.03104632534087   104392.17331439738336   104392.17335351565271        0.00030304453685        0.00034216280619
      0.01552316267043   104392.17334373648919   104392.17335351600195        0.00033238364267        0.00034216315544
      0.00776158133522   104392.17335107194958   104392.17335351572547        0.00033971910307        0.00034216287895
      0.00388079066761   104392.17335290329356   104392.17335351629299        0.00034155044705        0.00034216344648
      0.00194039533380   104392.17335336365795   104392.17335351557995        0.00034201081144        0.00034216273343
      0.00097019766690   104392.17335347578046   104392.17335351553629        0.00034212293394        0.00034216268978
      0.00048509883345   104392.17335350702342   104392.17335351367365        0.00034215417691        0.00034216082713
      0.00024254941673   104392.17335351667134   104392.17335351687507        0.00034216382483        0.00034216402855


 Apartado c: hm,Am,error
     63.58287429809570   104392.11728999561456        0.05572135723196
     31.79143714904785   104392.16980744933244        0.00320390351408
     15.89571857452393   104392.17313120533072        0.00011985248420
      7.94785928726196   104392.17333961080294        0.00032825795643
      3.97392964363098   104392.17335264668509        0.00034129383857
      1.98696482181549   104392.17335346150503        0.00034210865851
      0.99348241090775   104392.17335351249494        0.00034215964843
      0.49674120545387   104392.17335351568181        0.00034216283530
      0.24837060272694   104392.17335351579823        0.00034216295171
      0.12418530136347   104392.17335351624934        0.00034216340282
      0.06209265068173   104392.17335351560905        0.00034216276254
      0.03104632534087   104392.17335351619113        0.00034216334461
      0.01552316267043   104392.17335351709335        0.00034216424683
      0.00776158133522   104392.17335351374641        0.00034216089989
      0.00388079066761   104392.17335351712245        0.00034216427593
      0.00194039533380   104392.17335351316433        0.00034216031781
      0.00097019766690   104392.17335351742804        0.00034216458153
      0.00048509883345   104392.17335351988731        0.00034216704080
